filename,speaker,syllno,syll,sylldur,prepausal,postpausal,f0meanhz,f0meanst,f0rangehz,f0rangest,f0maxhz,f0maxst,intens,seglabel,segdur,f0meanhz_v,f0meanst_v,f0rangehz_v,f0rangest_v,f0rangest_v_abs,f0maxHz_v,f0maxst_v,intens_v,h1h2,cpps,slope
mono_B-A_left_0067,B,1,da:,0.119,0,1,196.493,91.399,37.275,3.370,210.746,92.633,67.426,a:,0.059,196.493,91.399,37.275,3.370,--undefined--,210.746,92.633,70.155,6.462,10.005,-25.496
mono_B-A_left_0067,B,2,fy:6,0.150,0,0,206.931,92.298,43.161,3.848,216.632,93.110,67.495,y:6,0.049,208.923,92.478,15.601,1.295,--undefined--,216.632,93.110,70.742,0.332,13.030,-23.960
mono_B-A_left_0067,B,3,ha:pt,0.209,0,0,196.352,91.406,9.538,0.841,201.031,91.815,66.472,a:,0.050,197.075,91.470,7.382,0.650,0.557,200.412,91.762,70.240,6.641,11.605,-28.090
mono_B-A_left_0067,B,4,i:6,0.061,0,0,188.255,90.664,25.015,2.336,197.958,91.549,66.115,i:6,0.061,188.255,90.664,25.015,2.336,--undefined--,197.958,91.549,66.115,-2.736,7.846,-23.885
mono_B-A_left_0067,B,5,gaI,0.160,0,0,184.882,90.296,71.807,6.098,239.266,94.830,64.822,aI,0.110,182.690,90.118,65.549,5.639,-3.789,233.008,94.371,66.224,3.297,18.005,-20.842
mono_B-A_left_0067,B,6,l@,0.090,0,0,185.195,90.384,32.611,3.049,201.831,91.901,64.265,@,0.040,186.433,90.505,14.129,1.323,--undefined--,193.097,91.124,65.562,1.546,9.489,-26.156
mono_B-A_left_0067,B,7,bE6,0.308,0,0,179.398,89.828,44.091,4.214,205.450,92.224,63.256,E6,0.228,180.334,89.925,21.407,2.070,-0.330,189.923,90.831,64.236,8.837,7.293,-21.837
mono_B-A_left_0067,B,8,g@,0.089,1,0,173.968,89.306,16.467,1.639,182.216,90.114,62.144,@,0.057,170.872,88.998,9.383,0.954,--undefined--,175.132,89.428,62.831,6.896,14.350,-28.496
mono_B-A_left_0081,B,1,a:,0.048,0,1,195.777,91.348,19.484,1.723,205.742,92.216,68.407,a:,0.048,195.777,91.348,19.484,1.723,--undefined--,205.742,92.216,68.407,0.066,15.908,-22.201
mono_B-A_left_0081,B,2,b6,0.056,0,0,186.345,90.501,8.521,0.793,190.360,90.871,65.884,6,0.026,188.314,90.683,5.072,0.468,0.394,190.360,90.871,67.226,0.302,15.843,-27.373
mono_B-A_left_0081,B,3,IC,0.112,0,0,185.546,90.416,21.445,2.062,190.947,90.924,63.330,I,0.040,187.287,90.584,16.912,1.613,-1.017,190.947,90.924,67.350,5.361,12.160,-32.481
mono_B-A_left_0081,B,4,ha:p,0.113,0,0,200.821,91.782,27.245,2.304,218.659,93.271,63.498,a:,0.045,199.180,91.645,25.328,2.150,-1.736,216.742,93.116,66.889,7.031,13.212,-32.041
mono_B-A_left_0081,B,5,e:6st,0.179,0,0,181.086,89.936,51.913,5.126,203.131,92.012,60.492,e:6,0.099,182.707,90.084,51.913,5.126,--undefined--,203.131,92.012,62.405,4.841,4.695,-21.964
mono_B-A_left_0081,B,6,nOY,0.140,0,0,190.593,90.837,66.959,5.476,246.927,95.375,65.652,OY,0.100,182.833,90.170,11.197,1.045,-0.681,191.165,90.944,66.738,8.571,16.694,-22.792
mono_B-A_left_0081,B,7,lIC,0.117,0,0,193.812,91.153,34.419,3.039,213.668,92.871,63.014,I,0.030,202.900,91.952,31.549,2.767,1.933,213.668,92.871,65.321,6.417,4.942,-29.563
mono_B-A_left_0081,B,8,b@,0.093,0,0,192.511,91.022,41.035,3.640,216.434,93.093,60.308,@,0.025,192.511,91.022,41.035,3.640,-2.964,216.434,93.093,63.714,-1.196,9.568,-23.818
mono_B-A_left_0081,B,9,gRI,0.200,0,0,196.326,91.381,33.591,3.061,207.300,92.347,60.996,I,0.072,200.509,91.763,19.445,1.705,0.852,207.300,92.347,64.498,2.781,14.261,-29.215
mono_B-A_left_0081,B,10,fn,0.150,1,0,214.756,92.910,59.107,4.457,260.408,96.296,59.777,NA,NA,NA,NA,NA,NA,NA,NA,NA,NA,NA,NA,NA,
mono_B-A_left_0173,B,1,o:,0.049,0,1,--undefined--,--undefined--,--undefined--,--undefined--,--undefined--,--undefined--,64.308,o:,0.049,--undefined--,--undefined--,--undefined--,--undefined--,--undefined--,--undefined--,--undefined--,64.308,--undefined--,9.680,-23.436
mono_B-A_left_0173,B,2,d6,0.092,0,0,203.890,92.051,23.342,2.001,213.614,92.866,74.048,6,0.066,205.087,92.154,20.259,1.726,1.374,213.614,92.866,75.053,-1.337,13.521,-31.696
mono_B-A_left_0173,B,3,di:,0.092,0,0,204.508,92.102,19.930,1.684,215.015,92.980,70.238,i:,0.052,208.671,92.456,16.966,1.423,-0.169,215.015,92.980,71.248,6.670,11.518,-35.328
mono_B-A_left_0173,B,4,lOY,0.135,0,0,210.388,92.597,21.143,1.756,219.034,93.300,71.702,OY,0.089,213.219,92.833,8.437,0.680,-0.605,219.034,93.300,72.043,1.482,15.577,-22.844
mono_B-A_left_0173,B,5,t@,0.077,0,0,227.333,93.926,35.251,2.726,242.090,95.034,63.872,@,0.020,227.573,93.937,35.251,2.726,-1.190,242.090,95.034,68.584,4.482,10.792,-28.906
mono_B-A_left_0173,B,6,di:,0.085,0,0,202.989,91.951,45.236,3.965,221.647,93.549,63.294,i:,0.036,213.421,92.845,16.345,1.347,0.057,218.240,93.237,65.427,11.923,7.455,-31.871
mono_B-A_left_0173,B,7,fOm,0.174,0,0,221.182,93.451,42.775,3.322,245.319,95.266,64.317,O,0.040,232.965,94.360,18.734,1.380,--undefined--,245.319,95.266,66.560,17.718,7.759,-35.901
mono_B-A_left_0173,B,8,lant,0.270,0,0,182.049,90.086,29.056,2.680,202.544,91.945,65.951,a,0.120,179.282,89.825,17.156,1.628,-1.269,191.130,90.941,68.233,7.050,18.953,-16.946
mono_B-A_left_0173,B,9,kO,0.233,0,0,192.100,91.012,27.357,2.474,205.160,92.182,60.190,O,0.113,192.100,91.012,27.357,2.474,--undefined--,205.160,92.182,63.046,10.685,7.058,-20.798
mono_B-A_left_0173,B,10,mn,0.247,1,0,181.289,90.011,26.880,2.591,193.555,91.162,58.536,NA,NA,NA,NA,NA,NA,NA,NA,NA,NA,NA,NA,NA,
mono_B-A_left_0309,B,1,dan,0.140,0,1,189.760,90.794,36.915,3.256,215.275,93.000,68.984,a,0.042,191.285,90.929,36.603,3.231,-2.900,214.963,92.975,71.683,2.768,12.631,-21.595
mono_B-A_left_0309,B,2,laUf,0.180,0,0,184.300,90.298,21.672,2.009,197.816,91.536,70.767,aU,0.090,184.016,90.272,21.562,1.998,1.021,197.816,91.536,72.591,1.864,20.159,-15.966
mono_B-A_left_0309,B,3,dOx,0.136,0,0,267.710,96.667,111.267,6.937,337.120,100.765,66.831,O,0.039,282.787,97.697,63.501,3.762,-2.057,324.673,100.108,70.158,-1.555,12.335,-22.572
mono_B-A_left_0309,B,4,ma:,0.164,0,0,209.640,92.512,44.866,3.790,228.490,94.032,68.969,a:,0.090,199.950,91.710,32.711,2.841,-2.081,216.334,93.082,68.910,11.519,16.154,-22.407
mono_B-A_left_0309,B,5,n,0.041,0,0,190.629,90.889,22.542,2.059,200.946,91.814,60.775,NA,NA,NA,NA,NA,NA,NA,NA,NA,NA,NA,NA,NA,
mono_B-A_left_0309,B,6,aI,0.069,0,0,186.473,90.513,13.431,1.252,193.055,91.116,64.443,aI,0.069,186.473,90.513,13.431,1.252,-0.301,193.055,91.116,64.443,9.773,19.771,-15.441
mono_B-A_left_0309,B,7,n@,0.080,0,0,182.202,90.111,11.298,1.085,186.544,90.523,63.749,@,0.030,182.294,90.119,10.133,0.974,-0.509,185.379,90.412,65.062,9.255,12.977,-26.017
mono_B-A_left_0309,B,8,RaIn,0.300,1,0,204.220,91.941,78.433,6.835,240.438,94.914,63.031,aI,0.110,193.724,91.131,51.272,4.518,3.835,223.204,93.626,64.925,6.815,18.791,-18.623
mono_B-A_left_0366,B,1,zOn,0.230,0,1,217.550,93.174,31.454,2.462,237.207,94.680,66.252,O,0.059,218.441,93.238,31.454,2.462,--undefined--,237.207,94.680,68.117,7.119,9.270,-15.914
mono_B-A_left_0366,B,2,d6n,0.143,0,0,216.934,93.128,28.227,2.358,221.771,93.515,72.262,6,0.070,217.684,93.193,8.568,0.690,-0.200,220.204,93.392,73.063,7.492,19.262,-16.322
mono_B-A_left_0366,B,3,de:6,0.175,0,0,213.909,92.868,53.932,4.353,242.608,95.070,74.118,e:6,0.139,215.425,92.996,36.947,2.859,--undefined--,242.608,95.070,75.061,3.009,20.799,-15.372
mono_B-A_left_0366,B,4,ap,0.134,0,0,202.605,91.942,23.034,1.909,220.620,93.425,68.922,a,0.071,220.620,93.425,0,0,--undefined--,220.620,93.425,71.266,--undefined--,10.095,-14.374
mono_B-A_left_0366,B,5,Stant,0.168,0,0,198.264,91.574,7.523,0.658,201.790,91.881,64.980,a,0.015,198.817,91.622,5.442,0.474,--undefined--,201.790,91.881,68.323,9.028,9.781,-23.093
mono_B-A_left_0366,B,6,da:,0.060,0,0,196.636,91.429,14.342,1.283,200.761,91.792,67.194,a:,0.030,195.390,91.317,14.342,1.283,-0.808,200.761,91.792,66.871,7.714,14.346,-25.870
mono_B-A_left_0366,B,7,tsvI,0.150,0,0,200.660,91.766,28.071,2.439,213.632,92.868,60.896,I,0.040,202.582,91.936,27.453,2.382,-1.368,213.632,92.868,65.043,7.255,7.233,-28.243
mono_B-A_left_0366,B,8,S@n,0.230,1,0,188.535,90.681,39.361,3.454,217.723,93.198,58.048,@,0.032,202.496,91.916,32.298,2.780,--undefined--,217.723,93.198,61.416,19.603,7.785,-30.313
mono_B-M_left_0300,B,1,ha:p,0.160,0,1,228.473,94.002,45.945,3.537,248.443,95.481,68.463,a:,0.050,227.673,93.961,28.160,2.174,-1.366,239.292,94.831,72.379,17.676,13.932,-29.204
mono_B-M_left_0300,B,2,da:,0.112,0,0,206.760,92.301,6.336,0.529,210.298,92.596,67.170,a:,0.056,206.760,92.301,6.336,0.529,--undefined--,210.298,92.596,69.942,9.120,4.109,-31.114
mono_B-M_left_0300,B,3,jEts,0.239,0,0,201.790,91.879,9.104,0.779,206.909,92.314,64.397,E,0.043,200.236,91.746,2.939,0.254,-0.066,201.736,91.876,67.924,6.474,15.146,-30.097
mono_B-M_left_0300,B,4,fi:6,0.179,0,0,218.686,93.267,25.545,1.969,237.976,94.739,70.333,i:6,0.136,218.000,93.214,24.147,1.864,-1.757,236.578,94.634,71.440,0.605,14.574,-30.929
mono_B-M_left_0300,B,5,ja:,0.100,0,0,207.917,92.395,19.522,1.667,212.899,92.808,69.813,a:,0.073,206.546,92.280,17.369,1.491,-1.188,210.745,92.632,69.526,8.660,15.833,-24.772
mono_B-M_left_0300,B,6,R@,0.093,0,0,189.510,90.788,15.149,1.395,195.638,91.345,63.899,@,0.063,188.838,90.726,14.398,1.329,-1.000,194.887,91.278,63.644,11.050,10.577,-30.754
mono_B-M_left_0300,B,7,Stu:,0.167,0,0,194.519,91.218,34.730,3.036,216.175,93.073,57.095,u:,0.040,195.547,91.307,34.730,3.036,-2.643,216.175,93.073,62.515,6.292,9.250,-36.121
mono_B-M_left_0300,B,8,di:6t,0.389,1,0,248.785,95.316,122.381,9.168,297.653,98.610,66.618,i:6,0.209,254.099,95.735,92.076,6.407,5.283,297.653,98.610,69.051,11.592,12.423,-33.346
mono_B-M_left_0355,B,1,a:,0.070,0,1,185.488,90.417,15.666,1.497,189.106,90.757,74.557,a:,0.070,185.488,90.417,15.666,1.497,--undefined--,189.106,90.757,74.557,12.775,11.385,-16.496
mono_B-M_left_0355,B,2,b6,0.130,0,0,185.995,90.459,22.900,2.165,194.851,91.276,74.500,6,0.070,189.592,90.794,22.900,2.165,-1.220,194.851,91.276,76.620,2.685,14.651,-30.785
mono_B-M_left_0355,B,3,s,0.052,0,0,165.771,88.473,9.037,0.935,171.952,89.110,66.381,NA,NA,NA,NA,NA,NA,NA,NA,NA,NA,NA,NA,NA,
mono_B-M_left_0355,B,4,lE6nt,0.278,0,0,190.918,90.828,109.018,8.735,275.150,97.249,73.047,E6,0.140,183.770,90.253,25.430,2.323,-1.386,202.556,91.947,75.111,6.285,18.284,-18.107
mono_B-M_left_0355,B,5,zIC,0.090,0,0,166.458,88.515,28.358,2.974,179.578,89.863,66.375,I,0.035,172.808,89.184,18.434,1.878,--undefined--,179.578,89.863,69.450,6.909,5.632,-38.218
mono_B-M_left_0355,B,6,tsu:,0.120,0,0,160.524,87.919,3.902,0.421,162.444,88.126,58.697,u:,0.030,160.524,87.919,3.902,0.421,--undefined--,162.444,88.126,62.867,6.812,7.882,-31.229
mono_B-M_left_0355,B,7,mIn,0.150,0,0,164.379,88.327,16.201,1.726,170.774,88.991,67.168,I,0.030,161.782,88.055,2.619,0.280,0.076,163.174,88.203,68.331,8.428,17.011,-34.285
mono_B-M_left_0355,B,8,d@st,0.163,0,0,158.942,87.743,11.795,1.272,166.501,88.553,57.861,@,0.025,162.207,88.091,11.795,1.272,--undefined--,166.501,88.553,57.351,16.296,4.767,-28.293
mono_B-M_left_0355,B,9,laICt,0.357,1,0,164.408,88.328,16.068,1.703,171.479,89.063,65.279,aI,0.227,164.408,88.328,16.068,1.703,--undefined--,171.479,89.063,66.793,6.441,18.984,-21.175
mono_B-M_left_0381,B,1,Unt,0.180,1,1,183.041,90.176,35.212,3.470,195.239,91.344,70.498,U,0.061,182.882,90.164,30.107,2.976,--undefined--,190.134,90.850,71.581,-1.599,15.459,-31.674
mono_B-M_left_0381,B,2,di:,0.220,0,1,207.676,92.367,31.508,2.657,221.660,93.509,75.397,i:,0.170,207.774,92.375,31.508,2.657,-0.842,221.660,93.509,76.508,33.932,12.539,-38.719
mono_B-M_left_0381,B,3,vI6t,0.194,0,0,197.042,91.460,19.285,1.707,205.404,92.188,72.137,I6,0.070,200.451,91.761,12.051,1.047,-0.830,205.404,92.188,75.558,-0.095,13.808,-34.366
mono_B-M_left_0381,B,4,jEts,0.136,0,0,180.383,89.906,39.685,3.897,196.905,91.456,66.918,E,0.040,186.891,90.545,18.113,1.671,-1.478,196.905,91.456,70.882,4.425,12.081,-24.674
mono_B-M_left_0381,B,5,nOx,0.140,0,0,182.793,90.151,26.726,2.561,194.340,91.229,69.356,O,0.060,183.934,90.272,16.621,1.583,-1.236,190.264,90.862,70.069,11.843,16.365,-23.621
mono_B-M_left_0381,B,6,ma:l,0.334,0,0,180.824,89.949,36.436,3.387,205.028,92.156,71.986,a:,0.126,171.630,89.077,8.079,0.810,0.246,176.672,89.579,70.474,8.739,15.625,-14.359
mono_B-M_left_0381,B,7,g@,0.094,0,0,202.141,91.898,22.640,1.933,214.328,92.924,69.531,@,0.067,205.619,92.197,21.791,1.856,-0.826,214.328,92.924,69.870,4.345,16.895,-28.487
mono_B-M_left_0381,B,8,kY6tst,0.403,1,0,221.867,93.518,34.147,2.730,234.510,94.488,66.588,Y6,0.151,222.958,93.607,12.932,0.995,-0.378,231.600,94.266,70.248,4.511,16.506,-29.394
mono_B-M_left_0404,B,1,d6,0.317,1,1,210.480,92.602,19.248,1.591,218.993,93.297,68.252,6,0.317,210.480,92.602,19.248,1.591,--undefined--,218.993,93.297,68.252,--undefined--,9.539,-25.454
mono_B-M_left_0404,B,2,nu:6,0.372,0,1,182.848,90.157,47.376,4.539,205.444,92.192,65.676,u:6,0.250,186.334,90.494,27.458,2.484,1.104,205.444,92.192,66.022,3.326,18.863,-26.728
mono_B-M_left_0404,B,3,fOn,0.290,0,0,179.336,89.815,55.160,5.112,216.231,93.099,63.738,O,0.050,183.392,90.175,49.253,4.484,-3.718,216.231,93.099,66.707,13.938,7.842,-25.551
mono_B-M_left_0404,B,4,g@,0.070,0,0,174.653,89.378,10.160,1.004,180.421,89.943,64.750,@,0.040,175.422,89.454,10.160,1.004,-0.713,180.421,89.943,65.694,13.482,12.599,-29.418
mono_B-M_left_0404,B,5,mE,0.160,0,0,174.814,89.384,29.162,2.744,198.984,91.638,65.474,E,0.070,178.494,89.737,28.674,2.693,1.918,198.984,91.638,65.621,14.605,16.285,-25.196
mono_B-M_left_0404,B,6,ts@l,0.210,0,0,219.628,93.273,87.757,6.397,284.091,97.803,63.257,@,0.027,222.118,93.530,32.345,2.469,-0.657,243.111,95.103,69.012,5.635,11.081,-31.862
mono_B-M_left_0404,B,7,Un,0.117,0,0,203.515,92.024,9.471,0.808,207.785,92.388,64.476,U,0.060,203.515,92.024,9.471,0.808,--undefined--,207.785,92.388,65.144,12.794,10.253,-26.046
mono_B-M_left_0404,B,8,Slaxt,0.390,0,0,194.696,91.242,34.248,3.096,209.163,92.502,62.120,a,0.090,192.844,91.081,31.474,2.868,0.031,207.112,92.348,65.612,13.222,10.619,-18.758
mono_B-M_left_0404,B,9,han,0.203,0,0,194.577,91.239,25.559,2.243,210.298,92.595,65.513,a,0.060,194.546,91.235,22.055,1.953,--undefined--,206.794,92.305,67.538,17.838,10.058,-23.295
mono_B-M_left_0404,B,10,d@lt,0.210,1,0,193.055,91.109,17.088,1.560,198.243,91.574,69.367,@,0.119,195.533,91.334,7.636,0.680,-0.182,198.243,91.574,70.986,4.698,17.213,-32.231
mono_B-M_left_0468,B,1,vi:,0.150,0,1,178.468,89.737,32.077,3.262,186.790,90.543,66.476,i:,0.100,180.538,89.950,17.932,1.784,0.744,186.790,90.543,67.002,16.589,15.696,-33.338
mono_B-M_left_0468,B,2,de:,0.098,0,0,187.472,90.595,18.497,1.698,197.992,91.552,67.855,NA,NA,NA,NA,NA,NA,NA,NA,NA,NA,NA,NA,NA,
mono_B-M_left_0468,B,3,o:,0.103,0,0,185.872,90.453,17.347,1.613,195.005,91.288,66.196,o:,0.103,185.872,90.453,17.347,1.613,--undefined--,195.005,91.288,66.196,6.513,7.970,-26.005
mono_B-M_left_0468,B,4,aUx,0.149,0,0,169.451,88.842,18.999,1.965,176.704,89.582,63.109,aU,0.089,174.581,89.372,4.843,0.484,--undefined--,176.704,89.582,65.096,19.244,6.799,-20.952
mono_B-M_left_0468,B,5,y:,0.034,0,0,187.649,90.618,12.839,1.186,194.521,91.249,56.395,y:,0.034,187.649,90.618,12.839,1.186,-0.352,194.521,91.249,56.395,12.384,4.679,-40.971
mono_B-M_left_0468,B,6,b6,0.096,0,0,173.195,89.220,29.318,2.966,186.437,90.514,63.817,6,0.060,169.836,88.886,22.585,2.325,-1.104,179.704,89.874,65.425,8.078,13.298,-23.671
mono_B-M_left_0468,B,7,haUpt,0.260,0,0,167.866,88.672,25.073,2.590,180.442,89.945,60.730,aU,0.060,173.890,89.297,16.731,1.686,0.731,180.442,89.945,65.105,11.114,11.139,-24.882
mono_B-M_left_0468,B,8,nIC,0.210,1,0,162.758,88.153,16.656,1.760,172.318,89.147,62.526,I,0.090,163.484,88.233,12.839,1.363,-1.277,169.681,88.880,64.539,11.156,11.049,-36.735
mono_B-M_left_0500,B,1,by:,0.253,0,1,190.057,90.837,26.175,2.431,201.208,91.848,66.725,y:,0.091,190.663,90.895,18.732,1.740,-0.365,201.208,91.848,70.479,11.553,9.934,-46.357
mono_B-M_left_0500,B,2,n,0.157,0,0,213.418,92.837,31.017,2.598,222.527,93.574,69.926,NA,NA,NA,NA,NA,NA,NA,NA,NA,NA,NA,NA,NA,
mono_B-M_left_0500,B,3,tEC,0.260,0,0,236.669,94.638,17.464,1.269,247.475,95.415,62.753,E,0.090,236.586,94.633,14.066,1.028,--undefined--,244.076,95.174,66.543,10.818,9.022,-35.152
mono_B-M_left_0500,B,4,nIk,0.166,0,0,257.740,96.101,38.962,2.618,277.698,97.409,66.810,I,0.050,258.007,96.135,9.407,0.637,-0.316,260.509,96.302,70.403,17.317,10.230,-42.236
mono_B-M_left_0500,B,5,a:,0.114,0,0,245.709,95.276,45.214,3.081,275.330,97.264,64.009,a:,0.114,245.709,95.276,45.214,3.081,--undefined--,275.330,97.264,64.009,13.318,4.937,-28.211
mono_B-M_left_0500,B,6,ge:,0.190,0,0,248.608,95.478,34.799,2.491,259.612,96.243,63.572,e:,0.160,251.930,95.716,26.910,1.894,1.141,259.612,96.243,64.115,14.729,6.085,-39.377
mono_B-M_left_0500,B,7,vas,0.160,0,0,214.237,92.844,62.377,4.965,250.152,95.600,61.469,a,0.050,204.067,92.050,35.809,3.021,-2.380,223.781,93.673,64.230,13.796,3.188,-35.819
mono_B-M_left_0500,B,8,maxt,0.190,0,0,183.965,90.251,43.814,4.016,211.808,92.724,61.015,a,0.040,182.506,90.137,14.411,1.364,-1.285,190.198,90.856,64.741,19.659,12.394,-34.809
mono_B-M_left_0500,B,9,man,0.135,0,0,214.766,92.953,21.865,1.747,227.760,93.977,63.106,a,0.052,211.642,92.701,21.091,1.688,-1.178,226.987,93.917,64.283,22.338,10.220,-37.483
mono_B-M_left_0500,B,10,da,0.165,1,0,233.969,94.426,37.485,2.765,253.938,95.860,63.248,a,0.140,236.804,94.640,29.280,2.121,--undefined--,253.938,95.860,63.029,17.999,6.982,-34.748
mono_B-M_left_0578,B,1,a,0.110,0,1,198.146,91.564,5.425,0.474,200.861,91.801,73.652,a,0.110,198.146,91.564,5.425,0.474,--undefined--,200.861,91.801,73.652,9.309,5.654,-18.164
mono_B-M_left_0578,B,2,zo:,0.090,0,0,194.595,91.249,17.859,1.628,198.999,91.639,74.794,o:,0.040,196.429,91.410,17.859,1.628,-0.487,198.999,91.639,75.139,0.970,15.041,-33.358
mono_B-M_left_0578,B,3,d@s,0.148,0,0,192.070,90.999,33.812,3.112,204.744,92.132,71.352,@,0.050,201.906,91.890,6.921,0.595,0.190,204.744,92.132,75.091,0.156,15.305,-30.619
mono_B-M_left_0578,B,4,Is,0.142,0,0,195.592,91.325,27.366,2.496,203.116,91.994,64.831,I,0.052,199.096,91.646,9.272,0.809,-0.205,203.116,91.994,67.921,7.102,10.529,-32.570
mono_B-M_left_0578,B,5,fi:l,0.143,0,0,208.329,92.393,47.239,4.078,225.069,93.771,70.711,i:,0.049,217.831,93.202,13.676,1.085,-0.955,225.069,93.771,73.211,8.383,18.424,-30.963
mono_B-M_left_0578,B,6,Su:,0.206,0,0,208.836,92.467,18.224,1.511,218.101,93.226,60.883,u:,0.050,208.812,92.465,18.224,1.511,0.730,218.101,93.226,65.649,11.229,10.664,-41.417
mono_B-M_left_0578,B,7,lI,0.130,0,0,209.894,92.547,37.508,3.258,218.655,93.270,71.227,I,0.080,208.088,92.394,37.508,3.258,-2.536,218.655,93.270,72.408,-1.766,17.810,-27.301
mono_B-M_left_0578,B,8,S6,0.352,0,0,186.115,90.450,51.920,4.639,221.820,93.542,65.162,6,0.274,187.460,90.577,47.651,4.204,--undefined--,221.820,93.542,66.096,7.683,16.499,-23.521
mono_B-M_left_0578,B,9,ja,0.228,1,0,207.619,92.251,84.852,7.130,251.317,95.680,66.503,a,0.151,217.684,93.098,67.128,5.380,--undefined--,251.317,95.680,65.969,20.907,8.148,-35.078
mono_B-M_left_0608,B,1,mi:6,0.204,0,1,197.066,91.466,13.205,1.155,204.597,92.120,73.128,i:6,0.110,200.353,91.754,11.625,1.012,0.807,204.597,92.120,73.653,10.308,17.121,-35.628
mono_B-M_left_0608,B,2,va:6,0.110,0,0,199.171,91.653,11.888,1.045,203.200,92.001,74.999,a:6,0.080,198.567,91.600,11.888,1.045,-0.638,203.200,92.001,75.319,4.603,18.966,-23.891
mono_B-M_left_0608,B,3,d6,0.090,0,0,186.594,90.515,20.464,1.943,192.727,91.085,72.659,6,0.050,189.101,90.753,12.290,1.143,--undefined--,192.727,91.085,74.102,2.176,17.597,-28.969
mono_B-M_left_0608,B,4,g@,0.110,0,0,179.657,89.852,28.461,2.751,194.038,91.207,67.170,@,0.050,184.676,90.341,13.809,1.300,-0.153,190.947,90.924,69.598,1.871,15.664,-26.407
mono_B-M_left_0608,B,5,daN,0.270,0,0,213.745,92.687,90.472,7.249,264.442,96.562,69.296,a,0.115,184.241,90.296,23.294,2.175,--undefined--,197.264,91.488,70.185,12.476,9.443,-13.207
mono_B-M_left_0608,B,6,k@,0.130,0,0,235.904,94.497,71.868,5.359,269.858,96.913,67.391,@,0.045,222.892,93.539,65.969,4.986,-4.836,263.959,96.540,71.089,8.052,9.466,-26.490
mono_B-M_left_0608,B,7,zo:,0.140,0,0,181.639,90.044,38.372,3.579,205.505,92.197,64.697,o:,0.070,179.399,89.834,19.257,1.888,-1.529,186.390,90.506,65.642,3.314,16.538,-29.033
mono_B-M_left_0608,B,8,vaIt,0.321,0,0,170.952,89.007,8.734,0.890,174.178,89.333,66.332,aI,0.130,172.239,89.139,4.981,0.502,-0.060,174.178,89.333,69.803,5.792,21.582,-19.488
mono_B-M_left_0608,B,9,vEk,0.239,1,0,200.850,91.723,56.734,4.837,232.732,94.350,68.136,E,0.087,201.006,91.752,50.116,4.223,3.678,231.518,94.260,71.431,4.812,14.504,-21.726
mono_B-M_left_0783,B,1,a,0.100,0,1,173.748,89.285,12.484,1.230,181.965,90.090,68.901,a,0.100,173.748,89.285,12.484,1.230,--undefined--,181.965,90.090,68.901,6.658,9.874,-10.882
mono_B-M_left_0783,B,2,zo:,0.090,0,0,189.169,90.191,233.933,15.339,398.044,103.641,63.772,o:,0.030,236.382,93.391,230.116,14.941,12.824,398.044,103.641,63.208,-1.241,8.086,-29.707
mono_B-M_left_0783,B,3,IC,0.140,0,0,280.489,96.556,257.547,17.309,407.488,104.048,65.707,I,0.080,301.313,97.829,257.547,17.309,-10.665,407.488,104.048,66.514,21.122,10.208,-26.545
mono_B-M_left_0783,B,4,k9n,0.196,0,0,204.735,92.105,57.411,5.002,228.975,94.070,69.760,9,0.078,209.214,92.489,32.547,2.656,--undefined--,228.975,94.070,72.374,4.542,10.240,-26.529
mono_B-M_left_0783,B,5,t@,0.080,0,0,186.836,90.530,32.659,3.155,195.605,91.342,70.676,@,0.059,189.739,90.807,22.005,2.065,-0.489,195.605,91.342,71.716,0.126,19.699,-24.953
mono_B-M_left_0783,B,6,da:,0.092,0,0,182.434,90.128,16.824,1.597,190.938,90.924,71.799,a:,0.080,183.297,90.211,13.353,1.255,-0.409,190.938,90.924,72.168,5.775,18.973,-19.655
mono_B-M_left_0783,B,7,jEts,0.153,0,0,174.486,89.360,13.414,1.351,178.698,89.777,67.051,E,0.037,172.866,89.198,11.257,1.141,-1.054,176.541,89.566,70.055,4.593,19.158,-26.395
mono_B-M_left_0783,B,8,nIC,0.176,0,0,193.052,91.098,37.665,3.363,214.458,92.954,64.161,I,0.040,192.454,91.060,2.103,0.189,0.108,193.717,91.174,68.242,14.581,16.930,-32.871
mono_B-M_left_0783,B,9,hIn,0.124,0,0,202.869,91.966,24.706,2.064,220.606,93.432,69.520,I,0.024,206.050,92.227,21.857,1.821,-1.613,218.480,93.256,69.898,10.957,12.423,-27.401
mono_B-M_left_0783,B,10,ge:n,0.170,1,0,183.533,90.230,30.205,2.819,200.953,91.809,69.211,e:,0.090,183.347,90.220,8.289,0.788,-0.560,186.347,90.502,69.721,6.759,19.475,-25.257
mono_B-M_left_0956,B,1,m,0.170,0,1,214.623,92.938,31.319,2.529,230.717,94.201,73.446,NA,NA,NA,NA,NA,NA,NA,NA,NA,NA,NA,NA,NA,
mono_B-M_left_0956,B,2,hm,0.280,1,0,213.043,92.787,54.029,4.366,242.370,95.053,71.716,NA,NA,NA,NA,NA,NA,NA,NA,NA,NA,NA,NA,NA,
mono_B-M_left_0956,B,3,RaI,0.277,0,1,206.456,92.152,96.834,7.712,269.347,96.880,72.592,aI,0.118,221.833,93.396,78.756,5.990,5.496,269.347,96.880,75.665,4.680,15.110,-12.620
mono_B-M_left_0956,B,4,t@n,0.166,0,0,218.303,93.171,80.710,6.168,269.347,96.880,69.367,@,0.050,234.910,94.475,49.119,3.599,-3.148,261.708,96.382,72.032,14.790,13.982,-41.450
mono_B-M_left_0956,B,5,ge:,0.119,0,0,220.530,93.381,61.066,5.201,235.325,94.542,72.458,e:,0.085,224.852,93.753,14.090,1.069,0.286,235.325,94.542,73.788,2.810,18.635,-21.553
mono_B-M_left_0956,B,6,n@,0.095,0,0,223.131,93.615,22.281,1.753,231.611,94.268,73.531,@,0.043,217.528,93.177,15.172,1.212,-0.768,224.502,93.727,73.449,5.949,17.864,-28.177
mono_B-M_left_0956,B,7,REl,0.127,0,0,188.685,90.701,31.032,2.777,209.331,92.515,72.553,E,0.060,187.172,90.570,19.015,1.734,-1.390,199.456,91.679,73.377,3.594,17.272,-29.291
mono_B-M_left_0956,B,8,maInst,0.243,0,0,180.969,89.991,18.465,1.805,186.548,90.521,66.710,aI,0.090,181.545,90.050,7.338,0.706,-0.159,184.068,90.289,69.027,10.526,18.074,-26.827
mono_B-M_left_0956,B,9,d@,0.170,1,0,176.673,89.541,59.037,5.517,216.350,93.087,64.311,@,0.129,176.292,89.507,59.037,5.517,--undefined--,216.350,93.087,65.569,8.343,17.770,-31.499
mono_B-M_left_1086,B,1,tse:n,0.289,0,1,208.247,92.424,11.909,0.999,212.474,92.774,67.287,e:,0.072,209.061,92.491,10.649,0.891,--undefined--,212.474,92.774,70.343,1.394,19.931,-24.678
mono_B-M_left_1086,B,2,bIs,0.091,0,0,202.287,91.917,16.654,1.433,209.698,92.546,64.054,I,0.028,203.030,91.984,13.157,1.123,-0.610,209.698,92.546,66.511,11.372,11.957,-29.507
mono_B-M_left_1086,B,3,tsvan,0.205,0,0,200.322,91.711,60.150,5.055,237.556,94.705,65.736,a,0.060,198.243,91.492,60.150,5.055,--undefined--,237.556,94.705,68.712,13.124,8.896,-18.740
mono_B-M_left_1086,B,4,tsIC,0.105,0,0,184.316,90.304,17.627,1.659,192.948,91.105,63.198,I,0.030,186.892,90.549,11.511,1.079,-0.830,191.068,90.937,65.246,18.504,5.307,-26.078
mono_B-M_left_1086,B,5,taU,0.200,0,0,207.154,92.332,17.147,1.406,220.053,93.382,71.561,aU,0.140,207.154,92.332,17.147,1.406,-1.128,220.053,93.382,73.059,12.239,14.052,-29.837
mono_B-M_left_1086,B,6,z@nt,0.144,0,0,194.911,91.270,23.191,2.089,203.002,91.984,68.011,@,0.030,201.581,91.862,5.167,0.447,-0.369,203.002,91.984,69.904,16.975,17.713,-42.656
mono_B-M_left_1086,B,7,OY,0.161,0,0,194.897,91.235,67.911,5.859,238.725,94.855,65.918,OY,0.161,194.897,91.235,67.911,5.859,--undefined--,238.725,94.855,65.918,6.273,7.192,-21.942
mono_B-M_left_1086,B,8,Ro:,0.174,1,0,217.543,93.148,36.982,3.013,231.527,94.260,67.128,o:,0.127,225.605,93.805,21.889,1.719,--undefined--,231.527,94.260,67.781,1.938,15.315,-35.567
mono_B-M_left_1324,B,1,zo:,0.100,0,1,204.284,92.073,27.394,2.301,220.519,93.424,61.146,o:,0.030,204.284,92.073,27.394,2.301,-1.609,220.519,93.424,64.595,13.990,7.657,-36.699
mono_B-M_left_1324,B,2,mI,0.100,0,0,212.126,92.727,31.389,2.525,231.292,94.243,69.887,I,0.040,222.927,93.599,16.114,1.253,1.096,231.292,94.243,69.905,7.578,12.620,-28.866
mono_B-M_left_1324,B,3,ta:ks,0.273,0,0,225.534,93.753,71.282,5.408,265.705,96.644,65.448,a:,0.078,225.534,93.775,64.666,4.835,-3.801,265.705,96.644,70.244,7.853,7.334,-24.573
mono_B-M_left_1324,B,4,n,0.057,0,0,218.658,93.223,48.913,3.721,252.496,95.763,66.978,I,0.030,231.050,94.193,48.913,3.721,-2.125,252.496,95.763,65.817,13.193,7.768,-34.984
mono_B-M_left_1324,B,5,di:,0.070,0,0,199.892,91.713,17.399,1.538,204.743,92.132,69.149,i:,0.040,197.667,91.518,17.271,1.528,-1.023,204.614,92.121,69.118,11.700,13.780,-34.174
mono_B-M_left_1324,B,6,zO,0.150,0,0,186.195,90.476,20.374,1.904,195.620,91.343,64.442,O,0.060,192.786,91.089,6.602,0.594,--undefined--,195.620,91.343,67.786,8.063,18.666,-20.159
mono_B-M_left_1324,B,7,n@,0.110,0,0,209.905,92.547,34.574,2.937,221.576,93.500,68.676,@,0.050,217.110,93.146,8.126,0.647,-0.030,221.576,93.500,68.252,10.376,13.870,-24.652
mono_B-M_left_1324,B,8,tsu:,0.140,0,0,221.412,93.450,52.434,3.999,254.335,95.887,61.053,u:,0.040,220.939,93.404,52.434,3.999,-3.735,254.335,95.887,65.636,5.455,8.322,-30.025
mono_B-M_left_1324,B,9,kna,0.267,0,0,206.024,92.227,39.361,3.260,229.508,94.112,66.375,a,0.097,203.387,92.016,10.513,0.883,-0.650,211.595,92.702,69.965,10.383,18.349,-22.786
mono_B-M_left_1324,B,10,ln,0.103,1,0,203.226,92.003,3.797,0.323,205.477,92.194,70.753,NA,NA,NA,NA,NA,NA,NA,NA,NA,NA,NA,NA,NA,
mono_B-M_left_1390,B,1,di:,0.080,0,1,220.486,93.403,30.444,2.414,234.154,94.459,64.948,i:,0.040,220.486,93.403,30.444,2.414,--undefined--,234.154,94.459,65.805,10.978,7.247,-32.161
mono_B-M_left_1390,B,2,b@,0.080,0,0,193.726,91.165,19.128,1.707,203.710,92.045,63.374,@,0.030,197.369,91.492,16.307,1.463,--undefined--,201.248,91.834,65.112,7.626,5.186,-28.989
mono_B-M_left_1390,B,3,tsa:lS,0.223,0,0,207.346,92.336,42.387,3.573,227.328,93.944,68.013,a:,0.060,210.856,92.635,21.805,1.746,-1.103,227.328,93.944,72.426,3.166,20.334,-18.994
mono_B-M_left_1390,B,4,d@,0.057,0,0,201.799,91.856,28.513,2.445,216.505,93.099,58.103,@,0.031,200.890,91.779,28.513,2.445,-2.017,216.505,93.099,60.250,7.090,7.825,-31.762
mono_B-M_left_1390,B,5,zEl,0.200,0,0,189.951,90.823,24.248,2.229,200.690,91.786,66.413,E,0.124,194.078,91.203,13.558,1.211,0.481,200.690,91.786,67.853,7.783,7.447,-29.376
mono_B-M_left_1390,B,6,b6,0.070,0,0,182.231,90.114,7.975,0.761,185.554,90.428,65.228,6,0.040,182.569,90.146,7.975,0.761,-0.545,185.554,90.428,65.545,10.532,13.990,-36.607
mono_B-M_left_1390,B,7,o:,0.130,0,0,196.918,91.419,48.454,4.202,224.864,93.755,60.759,o:,0.130,196.918,91.419,48.454,4.202,1.157,224.864,93.755,60.759,14.002,3.427,-31.272
mono_B-M_left_1390,B,8,ke:,0.230,1,0,188.920,90.728,35.526,3.256,207.314,92.349,61.071,e:,0.109,189.067,90.748,21.849,1.939,--undefined--,206.110,92.247,64.539,19.699,10.791,-36.313
mono_G-B_left_0924,G,1,dOx,0.174,0,1,219.320,93.258,71.291,5.735,252.822,95.784,68.442,O,0.110,225.538,93.781,41.601,3.112,-1.653,252.822,95.784,70.098,1.274,19.424,-17.847
mono_G-B_left_0924,G,2,dan,0.159,0,0,226.110,93.825,52.171,3.810,264.428,96.567,69.441,a,0.040,236.157,94.568,45.587,3.282,-2.385,264.428,96.567,68.045,3.951,10.627,-32.582
mono_G-B_left_0924,G,3,vaIs,0.183,0,0,206.438,92.270,27.578,2.298,221.807,93.518,67.726,aI,0.110,205.671,92.208,16.974,1.450,-0.864,211.203,92.670,68.482,3.886,18.036,-24.221
mono_G-B_left_0924,G,4,IC,0.107,0,0,209.895,92.547,26.882,2.258,219.533,93.340,61.244,I,0.037,214.971,92.972,13.739,1.117,-1.043,219.533,93.340,63.635,4.819,9.294,-34.856
mono_G-B_left_0924,G,5,vas,0.150,0,0,200.672,91.762,36.084,3.158,216.427,93.093,60.773,a,0.050,204.840,92.131,20.442,1.718,--undefined--,216.427,93.093,63.945,5.230,12.188,-25.234
mono_G-B_left_0924,G,6,du:,0.090,0,0,224.520,93.690,40.728,3.135,245.818,95.297,56.975,u:,0.040,224.520,93.690,40.728,3.135,--undefined--,245.818,95.297,60.139,8.379,4.145,-35.454
mono_G-B_left_0924,G,7,maInst,0.330,0,0,210.580,92.617,15.229,1.237,220.945,93.451,61.339,aI,0.090,210.952,92.649,6.021,0.492,0.146,214.310,92.923,62.712,8.285,14.019,-26.890
mono_G-B_left_0924,G,8,ja:,0.210,1,0,233.917,94.432,23.576,1.724,248.813,95.509,58.940,a:,0.180,232.989,94.365,22.471,1.644,--undefined--,247.709,95.429,59.361,12.794,6.423,-28.521
mono_G-L_left_0005,G,1,IC,0.157,0,1,225.681,93.709,107.334,7.670,299.865,98.738,55.648,I,0.060,234.908,94.429,93.025,6.430,--undefined--,299.865,98.738,60.189,4.165,7.693,-38.390
mono_G-L_left_0005,G,2,ha:p,0.243,0,0,222.823,93.564,51.956,3.915,256.754,96.052,60.429,a:,0.070,226.970,93.892,40.373,2.963,-2.931,256.754,96.052,64.139,1.176,8.082,-22.083
mono_G-L_left_0005,G,3,hOYt,0.243,0,0,219.165,93.292,43.251,3.451,239.168,94.823,62.277,OY,0.118,219.544,93.328,37.612,3.038,-1.397,233.529,94.410,64.718,5.904,12.695,-25.835
mono_G-L_left_0005,G,4,mI,0.096,0,0,219.348,93.321,28.984,2.303,232.410,94.326,63.333,I,0.050,220.484,93.411,19.682,1.597,-0.101,223.108,93.620,65.089,-3.012,14.169,-31.622
mono_G-L_left_0005,G,5,ta:k,0.210,0,0,219.813,93.329,52.212,3.950,255.988,96.000,60.288,a:,0.070,226.996,93.886,42.668,3.158,-2.860,255.988,96.000,64.041,2.368,13.189,-25.510
mono_G-L_left_0005,G,6,g@,0.070,0,0,225.294,93.773,26.849,2.053,240.124,94.892,57.591,@,0.040,225.294,93.773,26.849,2.053,-1.780,240.124,94.892,59.713,3.858,9.513,-31.032
mono_G-L_left_0005,G,7,Sla:,0.260,0,0,230.082,94.131,41.652,3.115,252.975,95.794,60.189,a:,0.140,231.004,94.212,24.686,1.854,--undefined--,243.301,95.121,62.036,--undefined--,6.132,-20.518
mono_G-L_left_0005,G,8,f@n,0.220,1,0,241.984,95.006,49.593,3.434,275.933,97.303,59.613,@,0.090,245.814,95.279,43.072,2.943,-1.514,275.933,97.303,62.159,8.295,11.368,-39.116
mono_G-L_left_0090,G,1,ku:l,0.367,0,1,255.620,95.849,84.080,5.805,295.152,98.464,65.967,u:,0.103,211.236,92.672,0.706,0.058,--undefined--,211.777,92.717,60.156,--undefined--,2.474,-23.902
mono_G-L_left_0090,G,2,d@s,0.136,0,0,218.879,93.271,32.533,2.511,240.932,94.950,51.209,NA,NA,NA,NA,NA,NA,NA,NA,NA,NA,NA,NA,NA,
mono_G-L_left_0090,G,3,ha:p,0.107,0,0,188.280,90.663,45.859,4.059,219.826,93.363,62.460,a:,0.050,191.961,90.995,35.240,3.025,-1.343,219.826,93.363,65.040,2.871,12.819,-29.093
mono_G-L_left_0090,G,4,C,0.070,0,0,170.907,89.003,3.831,0.377,173.966,89.304,52.891,NA,NA,NA,NA,NA,NA,NA,NA,NA,NA,NA,NA,NA,
mono_G-L_left_0090,G,5,aUx,0.180,0,0,194.339,91.007,86.953,7.964,235.383,94.546,62.162,aU,0.140,189.761,90.586,86.953,7.964,--undefined--,235.383,94.546,63.092,7.391,8.043,-16.730
mono_G-L_left_0090,G,6,y:,0.050,0,0,244.970,95.229,28.369,2.050,254.646,95.909,64.068,y:,0.050,244.970,95.229,28.369,2.050,--undefined--,254.646,95.909,64.068,6.279,10.739,-33.586
mono_G-L_left_0090,G,7,b6,0.140,0,0,206.296,92.257,30.909,2.538,226.277,93.858,63.081,6,0.070,203.971,92.063,14.958,1.277,-1.266,210.327,92.598,65.545,3.287,14.530,-24.528
mono_G-L_left_0090,G,8,le:kt,0.183,1,0,199.856,91.713,12.411,1.061,208.967,92.486,65.035,e:,0.064,200.247,91.746,12.411,1.061,-0.013,208.967,92.486,66.134,0.744,14.884,-32.938
mono_G-L_left_0135,G,1,vo:,0.170,1,1,214.764,92.882,78.143,6.205,259.408,96.229,57.438,o:,0.080,212.415,92.706,78.143,6.205,--undefined--,259.408,96.229,59.660,-4.573,7.427,-23.213
mono_G-L_left_0135,G,2,vo:nst,0.250,0,1,219.317,93.307,29.805,2.371,232.829,94.358,63.780,o:,0.070,222.656,93.579,19.067,1.505,1.388,228.513,94.034,67.001,-2.095,15.726,-30.099
mono_G-L_left_0135,G,3,du:,0.060,0,0,246.002,95.210,69.798,4.874,285.289,97.894,58.348,u:,0.030,246.002,95.210,69.798,4.874,-4.149,285.289,97.894,60.816,5.563,7.025,-32.209
mono_G-L_left_0135,G,4,nOx,0.117,0,0,209.162,92.485,36.688,3.191,217.922,93.212,62.904,O,0.050,211.955,92.727,18.183,1.508,-0.804,217.922,93.212,65.254,-0.778,13.331,-23.404
mono_G-L_left_0135,G,5,tsu:,0.144,0,0,219.234,93.265,49.428,3.797,251.007,95.659,57.995,u:,0.036,213.330,92.818,41.521,3.242,-2.054,243.100,95.105,62.905,5.280,13.495,-27.969
mono_G-L_left_0135,G,6,haU,0.189,0,0,220.456,93.323,69.561,5.286,264.356,96.556,61.990,aU,0.124,232.598,94.284,62.846,4.700,4.253,264.356,96.556,62.024,2.217,17.829,-21.452
mono_G-L_left_0135,G,7,z@,0.090,0,0,287.978,98.027,35.883,2.204,300.239,98.760,56.701,@,0.060,294.134,98.401,14.219,0.840,0.794,300.239,98.760,57.067,8.180,10.633,-33.070
mono_G-L_left_0135,G,8,dan,0.240,1,0,336.119,100.666,70.063,3.583,374.742,102.597,57.579,a,0.070,312.672,99.455,33.583,1.810,-0.999,338.262,100.824,58.996,1.518,12.614,-26.035
mono_G-L_left_0159,G,1,d@,0.100,0,1,223.765,93.667,20.093,1.572,232.392,94.325,61.323,@,0.050,223.765,93.667,20.093,1.572,-0.932,232.392,94.325,63.519,2.714,16.225,-29.081
mono_G-L_left_0159,G,2,bIst,0.200,0,0,200.933,91.779,35.516,3.071,218.485,93.257,62.565,I,0.050,213.570,92.859,15.416,1.268,0.141,218.485,93.257,67.030,-1.119,16.643,-29.249
mono_G-L_left_0159,G,3,kva:,0.240,0,0,209.748,92.535,44.576,3.514,242.732,95.079,66.710,a:,0.120,207.803,92.383,28.469,2.323,-1.477,226.625,93.888,66.942,2.278,19.113,-17.575
mono_G-L_left_0159,G,4,zi:,0.120,0,0,187.025,90.559,17.498,1.600,198.156,91.565,58.937,i:,0.050,189.881,90.823,13.909,1.283,-0.646,194.770,91.268,60.932,4.453,11.386,-37.282
mono_G-L_left_0159,G,5,hi:6,0.120,0,0,194.294,91.206,25.935,2.323,206.552,92.284,65.637,i:6,0.090,198.014,91.541,24.322,2.172,0.546,206.552,92.284,66.554,-0.921,15.957,-32.868
mono_G-L_left_0159,G,6,g@,0.107,0,0,191.759,90.970,38.712,3.451,214.073,92.904,61.521,@,0.057,195.000,91.268,32.946,2.893,--undefined--,214.073,92.904,64.071,0.088,14.166,-30.803
mono_G-L_left_0159,G,7,bli:,0.183,0,0,180.325,89.927,22.190,2.135,192.159,91.045,59.407,i:,0.070,181.008,89.972,22.190,2.135,--undefined--,192.159,91.045,62.054,8.765,11.073,-32.815
mono_G-L_left_0159,G,8,b@n,0.120,0,0,179.444,89.847,8.020,0.775,183.178,90.205,61.410,@,0.030,181.892,90.083,6.379,0.616,0.062,183.178,90.205,62.081,0.104,15.821,-38.609
mono_G-L_left_0159,G,9,dan,0.230,1,0,175.399,89.441,42.904,4.280,195.920,91.370,60.503,a,0.080,174.520,89.340,34.285,3.523,-0.824,187.301,90.614,60.779,11.499,5.794,-26.258
mono_G-L_left_0200,G,1,ja:,0.309,0,1,203.522,91.973,68.911,6.483,220.626,93.426,70.625,a:,0.159,205.668,92.204,18.653,1.579,0.364,214.015,92.899,70.882,4.554,21.399,-14.624
mono_G-L_left_0200,G,2,v6,0.131,0,0,202.930,91.957,36.598,3.072,225.047,93.769,64.128,6,0.059,204.759,92.101,35.175,2.942,-2.941,225.047,93.769,65.011,7.555,8.261,-28.745
mono_G-L_left_0200,G,3,StRaI,0.281,0,0,207.464,92.335,42.503,3.496,232.425,94.327,60.306,aI,0.100,205.918,92.212,40.994,3.380,-0.946,231.022,94.222,63.537,10.732,4.868,-20.061
mono_G-L_left_0200,G,4,tm,0.146,0,0,213.348,92.821,41.135,3.283,238.293,94.762,61.580,NA,NA,NA,NA,NA,NA,NA,NA,NA,NA,NA,NA,NA,
mono_G-L_left_0200,G,5,Uns,0.153,0,0,194.443,91.234,21.561,1.973,200.236,91.747,61.265,U,0.045,195.646,91.345,4.061,0.360,-0.216,197.277,91.489,63.160,6.590,15.665,-28.971
mono_G-L_left_0200,G,6,gants,0.230,0,0,200.559,91.733,52.269,4.450,230.580,94.190,60.293,a,0.040,216.410,93.081,23.103,1.828,--undefined--,230.580,94.190,63.763,3.187,7.555,-24.883
mono_G-L_left_0200,G,7,gE6,0.220,0,0,200.021,91.728,0,0,200.021,91.728,62.382,E6,0.140,200.021,91.728,0,0,--undefined--,200.021,91.728,64.268,--undefined--,6.081,-26.785
mono_G-L_left_0200,G,8,n@,0.129,1,0,190.315,90.865,16.192,1.461,200.021,91.728,65.221,@,0.069,189.063,90.752,6.794,0.616,--undefined--,194.286,91.224,64.914,6.702,18.222,-30.285
mono_G-L_left_0202,G,1,vi:6,0.301,0,1,194.397,91.205,69.806,5.950,240.012,94.884,63.952,i:6,0.240,196.618,91.396,69.806,5.950,-1.293,240.012,94.884,64.093,4.862,7.881,-25.584
mono_G-L_left_0202,G,2,zInt,0.195,0,0,198.256,91.551,44.278,4.032,211.733,92.713,64.714,I,0.032,204.765,92.133,6.556,0.555,0.289,207.533,92.366,66.804,3.019,13.543,-34.970
mono_G-L_left_0202,G,3,halt,0.169,0,0,199.698,91.669,51.696,4.507,225.553,93.808,67.446,a,0.056,208.100,92.398,23.134,1.933,-1.864,219.013,93.298,70.393,6.663,14.296,-25.919
mono_G-L_left_0202,G,4,nu:6,0.066,0,0,203.009,91.963,40.339,3.301,232.168,94.306,65.828,u:6,0.026,199.686,91.669,40.339,3.301,1.484,232.168,94.306,62.967,16.193,8.206,-23.562
mono_G-L_left_0202,G,5,aIn,0.190,0,0,208.414,92.424,38.476,3.118,233.908,94.446,64.764,aI,0.150,223.506,93.636,25.399,1.998,--undefined--,233.908,94.446,63.547,--undefined--,6.811,-14.959
mono_G-L_left_0202,G,6,ja:6,0.130,0,0,206.373,92.262,26.961,2.194,226.459,93.877,68.773,a:6,0.050,204.417,92.091,26.961,2.194,1.572,226.459,93.877,66.975,7.796,14.863,-18.244
mono_G-L_left_0202,G,7,aUs,0.200,0,0,191.621,90.950,52.222,4.534,226.559,93.885,62.601,aU,0.110,196.983,91.442,43.904,3.730,--undefined--,226.559,93.885,64.955,11.573,7.752,-20.003
mono_G-L_left_0202,G,8,aIn,0.080,0,0,199.085,91.629,35.444,2.974,224.511,93.728,66.854,NA,NA,NA,NA,NA,NA,NA,NA,NA,NA,NA,NA,NA,
mono_G-L_left_0202,G,9,an,0.184,0,0,204.261,92.076,25.600,2.188,215.586,93.025,67.967,a,0.070,195.582,91.336,17.054,1.489,0.477,207.040,92.326,66.190,6.045,8.394,-22.848
mono_G-L_left_0202,G,10,d6,0.217,1,0,204.434,92.102,18.760,1.569,216.845,93.128,68.130,6,0.192,204.509,92.108,18.760,1.569,--undefined--,216.845,93.128,68.100,6.151,14.153,-21.130
mono_G-L_left_0226,G,1,Es,0.112,0,1,185.632,90.411,25.621,2.390,198.708,91.614,55.284,E,0.027,192.222,91.033,17.144,1.569,--undefined--,198.708,91.614,--undefined--,7.867,1.482,-24.471
mono_G-L_left_0226,G,2,maxt,0.195,0,0,204.777,92.111,53.750,4.489,235.326,94.542,67.675,a,0.070,200.518,91.769,16.907,1.468,-0.518,208.378,92.437,69.872,1.865,16.031,-17.036
mono_G-L_left_0226,G,3,aIn,0.129,0,0,195.803,91.325,42.628,3.910,209.642,92.544,68.178,aI,0.089,196.153,91.334,42.628,3.910,--undefined--,209.642,92.544,67.610,-8.240,4.847,-21.200
mono_G-L_left_0226,G,4,fax,0.150,0,0,199.665,91.667,41.537,3.776,211.942,92.730,66.740,a,0.060,206.040,92.237,18.231,1.557,-0.720,211.942,92.730,69.105,2.536,13.391,-21.295
mono_G-L_left_0226,G,5,ga:6,0.184,0,0,196.543,91.383,62.065,5.723,220.504,93.416,66.099,a:6,0.124,196.543,91.383,62.065,5.723,--undefined--,220.504,93.416,67.695,6.043,13.090,-16.436
mono_G-L_left_0226,G,6,kaI,0.156,0,0,198.265,91.546,41.096,3.622,217.622,93.188,66.956,aI,0.073,198.265,91.546,41.096,3.622,-1.894,217.622,93.188,70.049,2.273,13.243,-22.712
mono_G-L_left_0226,G,7,n,0.054,0,0,184.616,90.330,18.966,1.813,190.792,90.910,67.365,NA,NA,NA,NA,NA,NA,NA,NA,NA,NA,NA,NA,NA,
mono_G-L_left_0226,G,8,Un,0.136,0,0,195.106,91.290,26.235,2.342,207.462,92.360,68.300,U,0.086,195.420,91.318,23.706,2.097,--undefined--,207.462,92.360,67.598,0.355,10.365,-28.081
mono_G-L_left_0226,G,9,t6,0.100,0,0,193.130,91.067,54.362,4.771,225.671,93.817,63.087,6,0.051,196.037,91.342,48.309,4.171,-2.874,225.671,93.817,65.236,2.544,12.543,-25.631
mono_G-L_left_0226,G,10,Si:t,0.460,1,0,191.570,90.964,32.824,3.051,203.179,92.000,62.990,i:,0.145,192.885,91.084,32.824,3.051,--undefined--,203.179,92.000,66.246,5.261,8.754,-27.182
mono_G-L_left_0263,G,1,ja:,0.350,0,1,179.226,89.805,51.530,4.919,208.386,92.439,61.606,a:,0.130,177.176,89.593,51.530,4.919,-0.088,208.386,92.439,61.382,-1.290,7.211,-21.695
mono_G-L_left_0263,G,2,s,0.100,0,0,174.920,89.403,9.858,0.968,181.224,90.020,51.273,NA,NA,NA,NA,NA,NA,NA,NA,NA,NA,NA,NA,NA,
mono_G-L_left_0263,G,3,ja:,0.060,0,0,--undefined--,--undefined--,--undefined--,--undefined--,--undefined--,--undefined--,60.760,a:,0.030,--undefined--,--undefined--,--undefined--,--undefined--,--undefined--,--undefined--,--undefined--,62.311,16.474,4.928,-30.501
mono_G-L_left_0263,G,4,nIC,0.140,0,0,180.838,89.961,34.489,3.370,195.030,91.291,60.160,I,0.061,184.074,90.283,19.519,1.822,-0.936,195.030,91.291,61.579,4.301,6.920,-39.319
mono_G-L_left_0263,G,5,zo:,0.110,0,0,197.046,91.408,46.806,4.209,217.996,93.260,53.488,o:,0.030,197.046,91.408,46.806,4.209,--undefined--,217.996,93.260,58.068,8.423,7.955,-30.215
mono_G-L_left_0263,G,6,tRa:,0.310,0,0,203.697,92.024,41.372,3.471,228.515,94.047,61.581,a:,0.160,203.539,92.011,41.372,3.471,-1.357,228.515,94.047,64.366,9.339,16.983,-19.540
mono_G-L_left_0263,G,7,gIS,0.190,0,0,189.492,90.773,40.031,3.684,208.825,92.474,61.171,I,0.060,189.678,90.804,16.844,1.564,-1.188,194.723,91.263,64.331,5.375,14.530,-30.979
mono_G-L_left_0263,G,8,IC,0.100,0,0,189.968,90.738,56.916,5.051,224.850,93.754,57.585,I,0.050,209.655,92.507,39.366,3.332,--undefined--,224.850,93.754,59.364,7.842,8.909,-35.575
mono_G-L_left_0263,G,9,maI,0.170,0,0,188.355,90.680,26.236,2.419,201.208,91.831,64.857,aI,0.110,185.861,90.455,10.318,0.958,-0.577,191.696,90.992,65.468,3.171,18.233,-22.364
mono_G-L_left_0263,G,10,n@,0.130,1,0,190.444,90.875,15.697,1.433,197.416,91.501,61.338,@,0.030,--undefined--,--undefined--,--undefined--,--undefined--,--undefined--,--undefined--,--undefined--,31.754,--undefined--,5.116,-17.684
mono_G-L_left_0279,G,1,ja:,0.160,0,1,199.561,91.682,15.263,1.314,208.771,92.469,67.446,a:,0.060,196.214,91.393,10.203,0.889,-0.791,203.711,92.045,68.515,5.975,13.762,-29.670
mono_G-L_left_0279,G,2,ku:l,0.464,0,0,259.468,95.683,176.772,11.684,360.177,101.911,64.774,u:,0.118,323.264,99.959,98.146,5.513,-0.189,360.177,101.911,66.462,21.327,9.174,-31.565
mono_G-L_left_0279,G,3,Un,0.207,0,0,269.024,95.160,358.471,18.496,546.085,109.116,63.505,U,0.157,193.490,91.152,8.660,0.781,--undefined--,196.274,91.401,64.531,1.019,15.008,-34.333
mono_G-L_left_0279,G,4,E:m,0.326,0,0,203.929,92.062,10.343,0.866,211.971,92.733,64.722,E:,0.128,204.712,92.128,10.224,0.856,--undefined--,211.971,92.733,65.821,5.901,9.934,-21.620
mono_G-L_left_0279,G,5,vi:,0.373,0,0,240.117,94.256,238.926,14.622,418.963,104.528,61.538,i:,0.220,253.813,95.143,238.926,14.622,--undefined--,418.963,104.528,63.575,5.852,15.991,-31.437
mono_G-L_left_0279,G,6,fUNk,0.210,0,0,212.675,92.772,43.318,3.614,230.062,94.153,62.882,U,0.076,216.299,93.077,24.183,1.925,-1.547,230.062,94.153,66.904,3.407,11.950,-38.283
mono_G-L_left_0279,G,7,tsjo:,0.127,0,0,215.754,93.029,21.317,1.713,225.785,93.826,56.902,o:,0.014,213.190,92.821,20.329,1.636,-1.053,224.798,93.749,64.674,5.801,8.927,-37.490
mono_G-L_left_0279,G,8,ni:6t,0.203,0,0,206.545,92.276,22.176,1.815,222.807,93.596,65.380,i:6,0.071,207.395,92.348,18.711,1.539,1.456,219.992,93.376,67.531,-2.899,14.176,-30.740
mono_G-L_left_0279,G,9,d@s,0.250,1,0,344.813,101.153,22.686,1.153,352.093,101.518,57.310,@,0.073,346.806,101.254,22.357,1.136,0.393,352.093,101.518,61.427,9.159,11.254,-27.542
mono_G-L_left_0317,G,1,man,0.134,0,1,198.774,91.617,13.569,1.199,202.771,91.965,63.242,a,0.039,198.435,91.589,8.351,0.737,-0.203,200.414,91.762,64.620,3.001,16.549,-24.204
mono_G-L_left_0317,G,2,kan,0.176,0,0,214.138,92.901,28.293,2.247,232.650,94.347,64.213,a,0.047,215.793,93.033,28.293,2.247,-1.424,232.650,94.347,66.871,3.990,15.756,-21.672
mono_G-L_left_0317,G,3,ja:,0.100,0,0,203.729,92.037,23.201,1.963,216.412,93.092,66.096,a:,0.040,193.211,91.128,0,0,--undefined--,193.211,91.128,63.630,3.578,5.378,-18.052
mono_G-L_left_0317,G,4,aUx,0.170,1,0,189.123,90.755,10.289,0.933,196.064,91.382,57.911,aU,0.060,190.238,90.857,10.275,0.932,--undefined--,196.064,91.382,62.075,7.768,7.987,-17.571
mono_G-L_left_0317,G,5,tROts,0.300,0,1,212.912,92.794,32.668,2.559,237.775,94.721,54.255,O,0.048,211.808,92.708,32.668,2.559,--undefined--,237.775,94.721,60.189,7.872,5.644,-25.336
mono_G-L_left_0317,G,6,de:m,0.090,0,0,210.366,92.569,40.983,3.261,238.742,94.793,58.873,e:,0.020,217.004,93.117,35.847,2.818,-1.349,238.742,94.793,59.908,5.491,10.803,-33.138
mono_G-L_left_0317,G,7,aUs,0.227,0,0,185.341,90.380,41.486,4.010,201.899,91.918,59.045,aU,0.160,187.138,90.541,41.486,4.010,--undefined--,201.899,91.918,60.401,--undefined--,7.342,-19.745
mono_G-L_left_0317,G,8,tsi:n,0.253,1,0,196.434,91.405,30.430,2.593,218.726,93.276,59.935,i:,0.063,200.730,91.778,29.238,2.485,--undefined--,218.726,93.276,62.786,3.132,14.467,-33.754
mono_G-L_left_0366,G,1,man,0.140,0,1,192.232,91.033,20.378,1.886,197.526,91.512,66.798,a,0.030,194.983,91.286,7.062,0.631,-0.200,197.526,91.512,66.463,4.409,16.122,-25.285
mono_G-L_left_0366,G,2,vI6t,0.130,0,0,190.319,90.847,23.834,2.209,198.970,91.637,61.496,I6,0.048,197.840,91.538,5.122,0.451,0.124,198.970,91.637,64.884,5.473,14.149,-27.739
mono_G-L_left_0366,G,3,aU,0.059,0,0,188.393,90.681,17.282,1.591,196.856,91.452,62.794,aU,0.059,188.393,90.681,17.282,1.591,--undefined--,196.856,91.452,62.794,8.966,10.757,-28.342
mono_G-L_left_0366,G,4,RECt,0.210,0,0,185.726,90.345,66.741,6.187,222.090,93.540,57.851,E,0.060,195.266,91.266,51.361,4.564,--undefined--,222.090,93.540,62.272,7.631,5.495,-24.184
mono_G-L_left_0366,G,5,ko:,0.130,0,0,201.966,91.880,24.888,2.149,213.201,92.833,58.292,o:,0.050,201.966,91.880,24.888,2.149,--undefined--,213.201,92.833,62.269,5.690,8.510,-36.216
mono_G-L_left_0366,G,6,mIS,0.150,0,0,310.452,96.873,419.196,21.326,591.871,110.510,62.836,I,0.030,186.327,90.491,22.759,2.116,-1.021,198.005,91.553,63.707,7.189,11.753,-33.116
mono_G-L_left_0366,G,7,an,0.190,0,0,219.257,92.741,356.038,18.188,547.529,109.161,61.586,a,0.100,361.598,101.186,342.482,17.003,--undefined--,547.529,109.161,58.356,-0.710,10.685,-16.152
mono_G-L_left_0366,G,8,g@,0.060,0,0,187.929,90.641,16.790,1.568,193.852,91.186,58.412,@,0.030,190.944,90.922,9.469,0.868,-0.638,193.852,91.186,59.610,10.717,3.962,-34.413
mono_G-L_left_0366,G,9,kUkt,0.268,1,0,186.719,90.515,27.860,2.592,200.415,91.763,53.624,U,0.050,195.653,91.343,11.677,1.040,--undefined--,200.415,91.763,57.775,12.512,6.253,-35.079
mono_G-L_left_0381,G,1,ts,0.139,0,1,--undefined--,--undefined--,--undefined--,--undefined--,--undefined--,--undefined--,48.092,NA,NA,NA,NA,NA,NA,NA,NA,NA,NA,NA,NA,NA,
mono_G-L_left_0381,G,2,a:,0.084,0,0,196.092,91.310,61.452,5.355,230.824,94.208,64.138,a:,0.057,206.865,92.272,51.332,4.351,--undefined--,230.824,94.208,65.360,7.817,7.996,-26.026
mono_G-L_left_0381,G,3,b6,0.093,1,0,193.744,91.171,15.847,1.427,200.319,91.754,63.593,6,0.093,193.744,91.171,15.847,1.427,--undefined--,200.319,91.754,63.593,5.046,16.606,-26.286
mono_G-L_left_0381,G,4,gants,0.240,0,1,197.679,91.515,25.632,2.213,213.536,92.860,63.965,a,0.055,194.277,91.217,23.356,2.014,-1.163,212.510,92.775,65.857,5.361,14.266,-24.537
mono_G-L_left_0381,G,5,a6k,0.179,0,0,240.088,94.363,137.088,9.477,325.202,100.142,59.359,a6,0.110,274.264,96.722,137.088,9.477,--undefined--,325.202,100.142,60.514,0.773,11.539,-19.335
mono_G-L_left_0381,G,6,tRO,0.221,0,0,195.004,91.283,13.231,1.174,201.941,91.895,56.289,O,0.070,195.004,91.283,13.231,1.174,--undefined--,201.941,91.895,60.269,9.220,6.451,-21.903
mono_G-L_left_0381,G,7,kN,0.149,0,0,205.188,92.131,39.545,3.278,229.202,94.086,54.829,NA,NA,NA,NA,NA,NA,NA,NA,NA,NA,NA,NA,NA,
mono_G-L_left_0381,G,8,o:,0.101,0,0,--undefined--,--undefined--,--undefined--,--undefined--,--undefined--,--undefined--,59.169,o:,0.101,--undefined--,--undefined--,--undefined--,--undefined--,--undefined--,--undefined--,--undefined--,59.169,--undefined--,7.957,-26.349
mono_G-L_left_0381,G,9,d6,0.180,1,0,254.445,95.863,56.704,4.016,273.799,97.164,59.229,6,0.115,255.082,95.905,56.704,4.016,--undefined--,273.799,97.164,60.680,12.066,5.791,-33.239
mono_G-L_left_0450,G,1,ja:,0.220,0,1,204.327,92.086,37.020,2.976,234.729,94.502,63.991,a:,0.140,200.737,91.790,6.127,0.529,-0.305,203.836,92.055,63.936,6.495,16.482,-20.689
mono_G-L_left_0450,G,2,d@s,0.170,0,0,197.350,91.472,31.218,2.739,213.036,92.820,54.051,@,0.034,203.981,92.051,24.218,2.089,-1.856,213.036,92.820,58.831,15.753,5.704,-34.961
mono_G-L_left_0450,G,3,hat,0.090,0,0,203.516,92.005,34.909,2.957,222.374,93.563,56.510,a,0.025,209.394,92.506,25.598,2.117,-2.074,222.374,93.563,60.638,8.364,8.916,-34.506
mono_G-L_left_0450,G,4,mi:6,0.104,0,0,194.512,91.237,27.586,2.466,207.911,92.398,62.949,i:6,0.064,191.565,90.976,19.396,1.770,-1.187,199.721,91.702,63.388,2.759,13.808,-34.979
mono_G-L_left_0450,G,5,ga:6,0.191,0,0,191.482,90.957,34.129,3.037,212.146,92.747,57.189,a:6,0.105,191.137,90.930,32.155,2.846,--undefined--,212.146,92.747,59.251,7.267,8.169,-24.083
mono_G-L_left_0450,G,6,nIC,0.135,0,0,191.087,90.920,29.489,2.725,202.527,91.944,59.122,I,0.040,193.386,91.137,21.488,1.943,-1.260,202.527,91.944,61.737,5.350,9.533,-38.632
mono_G-L_left_0450,G,7,g@,0.100,0,0,202.031,91.841,47.074,3.976,229.517,94.109,54.952,@,0.040,202.031,91.841,47.074,3.976,--undefined--,229.517,94.109,58.611,7.385,6.814,-35.109
mono_G-L_left_0450,G,8,fa,0.223,0,0,193.206,91.099,43.984,4.122,207.592,92.371,54.156,a,0.093,196.462,91.406,22.413,1.978,-0.680,207.592,92.371,57.017,9.804,6.318,-32.816
mono_G-L_left_0450,G,9,ln,0.147,1,0,200.369,91.756,11.987,1.045,204.639,92.123,57.657,NA,NA,NA,NA,NA,NA,NA,NA,NA,NA,NA,NA,NA,
mono_G-L_left_0615,G,1,dEs,0.210,0,1,224.251,93.701,25.467,1.907,244.075,95.174,64.813,E,0.060,225.020,93.760,24.846,1.859,-1.178,244.075,95.174,68.812,2.087,12.202,-25.156
mono_G-L_left_0615,G,2,va:6,0.300,1,0,247.312,95.355,85.047,5.896,294.652,98.434,66.795,a:6,0.250,247.342,95.351,85.047,5.896,--undefined--,294.652,98.434,67.206,5.009,18.166,-16.146
mono_G-L_left_0615,G,3,aI,0.132,0,1,226.337,93.864,19.641,1.538,231.056,94.225,66.999,aI,0.132,226.337,93.864,19.641,1.538,--undefined--,231.056,94.225,66.999,2.872,12.317,-22.061
mono_G-L_left_0615,G,4,nt,0.050,0,0,217.467,93.166,21.566,1.736,226.053,93.846,59.920,@,0.013,221.268,93.474,7.852,0.615,-0.365,224.870,93.755,62.474,9.262,6.086,-31.357
mono_G-L_left_0615,G,5,lIC,0.190,0,0,235.051,94.471,59.512,4.612,254.593,95.907,62.240,I,0.062,238.151,94.720,42.516,3.185,-2.511,253.019,95.797,66.570,4.123,11.694,-40.192
mono_G-L_left_0615,G,6,e:,0.064,0,0,254.047,95.732,115.931,8.275,305.046,99.035,61.884,e:,0.064,254.047,95.732,115.931,8.275,--undefined--,305.046,99.035,61.884,5.313,4.708,-26.734
mono_G-L_left_0615,G,7,6,0.066,0,0,207.498,92.350,28.657,2.431,218.753,93.278,67.027,6,0.066,207.498,92.350,28.657,2.431,1.720,218.753,93.278,67.027,4.392,11.696,-22.056
mono_G-L_left_0615,G,8,tsu:,0.220,0,0,242.344,94.905,87.193,6.807,268.209,96.807,60.868,u:,0.070,259.924,96.262,16.088,1.073,--undefined--,268.209,96.807,64.858,15.901,12.418,-37.208
mono_G-L_left_0615,G,9,fE,0.217,0,0,282.502,97.678,64.649,4.029,311.389,99.391,60.369,E,0.087,286.719,97.950,38.944,2.313,--undefined--,311.389,99.391,64.162,2.634,10.892,-29.249
mono_G-L_left_0615,G,10,lIC,0.522,1,0,333.921,100.451,131.383,6.999,394.977,103.508,58.413,I,0.130,362.826,101.989,84.225,4.154,2.698,394.977,103.508,62.831,17.731,13.007,-36.609
mono_G-L_left_0852,G,1,vaIl,0.160,0,1,209.358,92.496,35.948,2.901,233.094,94.379,71.794,aI,0.090,207.239,92.332,20.913,1.719,-1.603,221.215,93.471,72.174,-0.880,17.240,-18.755
mono_G-L_left_0852,G,2,dEs,0.192,0,0,201.923,91.880,40.015,3.446,221.680,93.508,67.079,E,0.070,205.929,92.231,10.340,0.869,0.463,211.180,92.668,70.593,-1.961,15.885,-26.156
mono_G-L_left_0852,G,3,ja:,0.104,0,0,199.662,91.673,38.011,3.216,224.241,93.707,68.169,a:,0.066,192.702,91.082,12.501,1.125,-0.751,198.731,91.616,67.218,-1.983,15.521,-28.320
mono_G-L_left_0852,G,4,zo:,0.234,0,0,191.926,90.990,44.684,4.278,204.104,92.078,65.388,o:,0.170,192.090,91.002,43.663,4.191,--undefined--,203.082,91.991,66.511,-0.833,13.353,-29.979
mono_G-L_left_0852,G,5,E:,0.125,0,0,183.780,90.256,20.365,1.950,191.193,90.947,67.037,E:,0.125,183.780,90.256,20.365,1.950,--undefined--,191.193,90.947,67.037,0.142,13.172,-25.615
mono_G-L_left_0852,G,6,mIn,0.227,0,0,194.202,91.215,15.550,1.417,198.855,91.627,67.104,I,0.060,195.911,91.368,7.473,0.664,-0.468,198.855,91.627,69.140,-2.325,16.020,-37.780
mono_G-L_left_0852,G,7,d6,0.108,0,0,189.908,90.819,28.726,2.623,204.521,92.116,67.886,6,0.090,188.650,90.705,27.411,2.508,-1.469,203.206,92.002,68.183,2.216,14.557,-27.477
mono_G-L_left_0852,G,8,ve:6,0.140,0,0,180.878,89.986,10.546,1.015,185.163,90.392,64.402,e:6,0.090,181.329,90.029,5.687,0.540,-0.398,185.163,90.392,65.657,2.530,17.681,-19.200
mono_G-L_left_0852,G,9,tIC,0.197,0,0,193.671,91.115,65.627,5.782,231.057,94.225,58.834,I,0.050,195.688,91.343,19.542,1.753,--undefined--,203.473,92.026,63.429,7.309,9.475,-37.785
mono_G-L_left_0852,G,10,Is,0.103,1,0,197.944,91.506,58.044,4.954,233.852,94.448,61.608,I,0.053,201.794,91.854,52.256,4.396,-1.481,233.852,94.448,62.744,3.183,13.011,-29.390
mono_G-L_left_0854,G,1,vaIl,0.127,0,1,187.322,90.589,14.731,1.366,194.168,91.214,64.373,aI,0.057,189.277,90.770,9.864,0.905,-0.584,193.731,91.175,64.849,4.415,17.553,-21.116
mono_G-L_left_0854,G,2,dEs,0.140,0,0,183.796,90.261,11.480,1.094,187.176,90.579,63.036,E,0.050,185.353,90.409,4.631,0.434,0.402,187.176,90.579,65.928,1.248,17.486,-28.470
mono_G-L_left_0854,G,3,Un,0.113,0,0,196.568,91.426,6.422,0.565,200.152,91.740,65.506,U,0.047,--undefined--,--undefined--,--undefined--,--undefined--,--undefined--,--undefined--,--undefined--,60.929,--undefined--,6.300,-30.358
mono_G-L_left_0854,G,4,g@,0.075,0,0,191.503,90.960,30.537,2.871,199.786,91.708,68.797,@,0.031,185.456,90.398,24.641,2.353,-1.967,193.890,91.189,67.207,10.125,9.120,-38.403
mono_G-L_left_0854,G,5,fE:6,0.178,0,0,189.953,90.821,35.034,3.252,204.569,92.117,65.615,E:6,0.098,191.338,90.953,22.847,2.051,-1.821,204.569,92.117,66.466,-2.422,17.614,-29.524
mono_G-L_left_0854,G,6,je:,0.134,0,0,197.902,91.507,41.600,3.653,219.252,93.328,63.610,e:,0.040,204.269,92.090,14.534,1.293,0.188,206.217,92.256,67.631,-1.066,15.488,-31.497
mono_G-L_left_0854,G,7,d6,0.133,0,0,206.870,92.292,47.516,4.057,227.143,93.935,66.785,6,0.103,209.146,92.497,24.892,2.016,-1.553,227.143,93.935,67.676,3.162,15.878,-20.190
mono_G-L_left_0854,G,8,kan,0.247,1,0,201.351,91.825,37.339,3.178,222.674,93.585,62.684,a,0.050,201.325,91.824,31.660,2.661,-1.595,222.338,93.559,65.476,5.330,13.526,-20.988
mono_G-L_left_0901,G,1,ah,0.091,0,1,277.986,97.421,23.651,1.482,288.165,98.049,68.688,a,0.091,277.986,97.421,23.651,1.482,--undefined--,288.165,98.049,68.688,2.274,8.075,-17.923
mono_G-L_left_0901,G,2,dOx,0.152,0,0,277.035,97.324,72.010,4.340,323.911,100.073,68.243,O,0.054,286.546,97.938,58.824,3.528,-1.801,318.425,99.769,71.626,0.431,16.059,-20.845
mono_G-L_left_0901,G,3,das,0.234,0,0,236.862,94.618,64.995,4.517,283.042,97.738,62.557,a,0.159,235.462,94.523,63.591,4.430,-4.324,281.638,97.652,63.785,20.912,7.665,-30.738
mono_G-L_left_0901,G,4,Is,0.045,0,0,--undefined--,--undefined--,--undefined--,--undefined--,--undefined--,--undefined--,49.236,NA,NA,NA,NA,NA,NA,NA,NA,NA,NA,NA,NA,NA,
mono_G-L_left_0901,G,5,ze:6,0.081,0,0,220.674,93.422,26.951,2.112,234.712,94.497,64.870,e:6,0.060,220.674,93.422,26.951,2.112,--undefined--,234.712,94.497,66.046,1.478,10.133,-22.404
mono_G-L_left_0901,G,6,fE6,0.120,0,0,230.340,94.149,41.238,3.135,248.999,95.520,63.272,E6,0.040,230.548,94.165,35.481,2.664,--undefined--,248.999,95.520,65.904,6.577,9.534,-32.951
mono_G-L_left_0901,G,7,p2:nt,0.396,0,0,250.016,95.515,81.527,6.266,268.369,96.817,60.009,2:,0.110,259.151,96.208,20.552,1.400,--undefined--,264.586,96.571,62.930,5.430,13.907,-37.998
mono_G-L_left_0901,G,8,hi:6,0.215,1,0,204.789,92.120,39.228,3.178,234.166,94.461,64.936,i:6,0.169,204.206,92.072,39.228,3.178,-2.672,234.166,94.461,65.894,2.530,15.862,-26.232
mono_G-L_left_1169,G,1,ja:,0.133,0,1,227.570,93.955,29.282,2.162,249.078,95.525,72.601,a:,0.081,224.502,93.725,15.291,1.164,-0.691,235.209,94.534,73.463,0.603,14.781,-25.419
mono_G-L_left_1169,G,2,na,0.107,0,0,225.564,93.803,23.850,1.855,234.733,94.499,73.300,a,0.079,224.333,93.710,22.658,1.767,-1.043,233.542,94.410,73.706,0.784,17.848,-21.775
mono_G-L_left_1169,G,3,ty:6,0.151,0,0,224.130,93.649,48.790,3.820,246.444,95.342,64.574,y:6,0.034,238.628,94.776,20.003,1.465,-1.204,246.444,95.342,68.779,10.862,10.665,-37.231
mono_G-L_left_1169,G,4,lIC,0.167,0,0,223.205,93.523,78.654,6.603,248.030,95.452,67.632,I,0.070,235.042,94.485,50.767,3.968,-2.649,248.030,95.452,70.021,7.197,15.236,-30.125
mono_G-L_left_1169,G,5,baI,0.162,0,0,190.324,90.842,36.149,3.379,204.165,92.090,67.831,aI,0.088,190.324,90.842,36.149,3.379,--undefined--,204.165,92.090,69.942,2.855,15.993,-17.511
mono_G-L_left_1169,G,6,al,0.101,0,0,197.621,91.513,17.275,1.486,209.985,92.570,69.259,a,0.071,194.822,91.272,6.441,0.569,0.060,199.152,91.652,69.636,1.991,18.238,-17.256
mono_G-L_left_1169,G,7,tn,0.090,0,0,203.339,91.994,37.967,3.283,220.177,93.391,62.426,NA,NA,NA,NA,NA,NA,NA,NA,NA,NA,NA,NA,NA,
mono_G-L_left_1169,G,8,fRaU,0.292,0,0,225.179,93.760,58.463,4.927,236.072,94.597,68.002,aU,0.152,226.758,93.895,20.053,1.537,--undefined--,236.072,94.597,70.430,4.283,15.149,-17.782
mono_G-L_left_1169,G,9,@n,0.138,1,0,218.452,93.208,55.111,4.653,233.839,94.432,72.862,NA,NA,NA,NA,NA,NA,NA,NA,NA,NA,NA,NA,NA,
mono_G-L_left_1243,G,1,je:,0.119,0,1,216.879,93.108,37.963,3.085,232.628,94.343,71.151,e:,0.069,223.663,93.657,17.282,1.337,1.259,232.628,94.343,71.783,-0.025,15.994,-30.455
mono_G-L_left_1243,G,2,d6,0.081,0,0,227.995,93.980,36.098,2.794,241.712,95.006,70.399,6,0.060,231.449,94.248,22.049,1.656,-1.186,241.712,95.006,71.182,-1.454,14.828,-23.542
mono_G-L_left_1243,G,3,mEnS,0.216,0,0,216.303,93.058,40.758,3.173,242.277,95.046,67.030,E,0.065,206.826,92.306,7.901,0.661,0.248,210.885,92.644,68.357,-0.506,13.513,-20.810
mono_G-L_left_1243,G,4,kan,0.237,0,0,205.797,92.123,69.344,5.761,244.991,95.239,65.353,a,0.055,228.061,93.971,38.314,2.944,-1.917,244.991,95.239,69.835,9.046,10.775,-31.399
mono_G-L_left_1243,G,5,bo:,0.159,0,0,223.406,93.616,37.863,2.881,247.041,95.384,63.819,o:,0.112,223.406,93.616,37.863,2.881,1.985,247.041,95.384,65.249,3.701,11.856,-46.506
mono_G-L_left_1243,G,6,dn,0.108,0,0,217.053,93.074,62.175,5.281,236.533,94.631,63.514,NA,NA,NA,NA,NA,NA,NA,NA,NA,NA,NA,NA,NA,
mono_G-L_left_1243,G,7,vI,0.140,0,0,184.295,90.303,22.312,2.113,194.197,91.217,66.306,I,0.090,187.567,90.614,11.796,1.084,-0.505,194.197,91.217,67.907,-0.016,14.496,-28.590
mono_G-L_left_1243,G,8,Sn,0.270,1,0,274.076,95.107,404.838,20.483,583.599,110.266,62.570,NA,NA,NA,NA,NA,NA,NA,NA,NA,NA,NA,NA,NA,
mono_M-A_left_0004,M,1,zOn,0.120,0,1,198.066,91.539,42.481,3.647,223.628,93.660,64.507,O,0.040,192.989,91.108,6.885,0.615,-0.183,197.174,91.480,65.568,-4.188,11.671,-24.388
mono_M-A_left_0004,M,2,d6n,0.120,0,0,196.793,91.446,6.095,0.536,199.756,91.705,63.504,6,0.050,196.475,91.418,2.092,0.184,-0.169,197.503,91.509,64.105,-0.056,17.714,-24.106
mono_M-A_left_0004,M,3,nu:6,0.130,0,0,192.950,91.098,19.280,1.723,203.466,92.024,62.914,u:6,0.100,190.842,90.911,13.547,1.229,-1.224,197.733,91.529,63.235,-1.043,15.860,-22.424
mono_M-A_left_0004,M,4,Um,0.080,0,0,177.164,89.605,34.769,3.560,187.068,90.569,60.919,U,0.030,183.444,90.228,11.506,1.099,-0.395,187.068,90.569,63.287,-3.012,11.663,-21.574
mono_M-A_left_0004,M,5,al,0.155,0,0,182.983,90.159,41.466,3.921,204.366,92.100,62.671,a,0.120,177.733,89.667,26.593,2.614,--undefined--,189.493,90.792,62.465,0.260,12.761,-11.823
mono_M-A_left_0004,M,6,ta:ks,0.255,0,0,215.824,93.031,31.401,2.552,229.136,94.081,58.718,a:,0.100,219.808,93.357,15.560,1.217,-0.831,229.136,94.081,61.973,5.636,13.395,-27.717
mono_M-A_left_0004,M,7,kUl,0.212,0,0,210.896,92.619,43.877,3.538,237.493,94.703,59.159,U,0.084,212.883,92.786,35.336,2.791,-2.300,237.493,94.703,62.951,-2.719,15.513,-40.107
mono_M-A_left_0004,M,8,tu:6,0.398,1,0,222.642,93.570,62.430,4.840,256.045,96.005,62.597,u:6,0.296,222.627,93.570,42.379,3.134,--undefined--,256.045,96.005,63.976,2.545,16.530,-21.402
mono_M-A_left_0030,M,1,Un,0.102,0,1,225.298,93.771,41.685,3.111,253.576,95.835,62.123,U,0.042,235.098,94.507,34.502,2.535,--undefined--,253.576,95.835,61.324,9.240,12.715,-28.229
mono_M-A_left_0030,M,2,dan,0.127,0,0,221.685,93.482,62.990,4.639,267.975,96.791,65.369,a,0.050,227.536,93.924,56.443,4.098,-1.925,267.975,96.791,66.809,-1.151,16.984,-22.306
mono_M-A_left_0030,M,3,ha:,0.093,0,0,220.807,93.431,25.780,2.063,229.578,94.115,68.934,a:,0.080,220.225,93.385,25.780,2.063,-1.757,229.578,94.115,69.142,2.667,20.293,-13.287
mono_M-A_left_0030,M,4,b@,0.040,0,0,202.170,91.912,6.925,0.589,207.086,92.329,59.933,NA,NA,NA,NA,NA,NA,NA,NA,NA,NA,NA,NA,NA,
mono_M-A_left_0030,M,5,IC,0.110,0,0,212.426,92.762,20.238,1.673,219.782,93.359,60.396,I,0.047,213.256,92.831,18.944,1.564,0.237,219.782,93.359,63.740,6.854,9.974,-36.623
mono_M-A_left_0030,M,6,nOx,0.210,0,0,214.874,92.929,68.053,5.441,252.339,95.751,62.876,O,0.110,210.411,92.599,26.315,2.165,-1.150,225.348,93.792,64.533,1.293,19.242,-15.799
mono_M-A_left_0030,M,7,dOYtS,0.465,0,0,226.669,93.873,32.225,2.484,241.114,94.963,66.141,OY,0.213,226.563,93.863,32.225,2.484,1.523,241.114,94.963,69.450,-1.680,21.387,-14.288
mono_M-A_left_0030,M,8,Un,0.145,0,0,243.774,94.890,133.086,8.739,335.767,100.696,59.667,U,0.085,276.331,97.072,133.086,8.739,--undefined--,335.767,100.696,58.413,10.298,6.877,-21.496
mono_M-A_left_0030,M,9,po:,0.147,0,0,201.538,91.824,40.325,3.336,230.131,94.156,60.880,o:,0.057,199.384,91.640,40.325,3.336,-2.697,230.131,94.156,64.598,-1.147,13.337,-29.630
mono_M-A_left_0030,M,10,li:,0.063,0,0,188.634,90.708,16.873,1.540,198.278,91.577,59.746,i:,0.040,189.013,90.740,16.873,1.540,1.258,198.278,91.577,59.112,11.755,8.320,-36.355
mono_M-A_left_0030,M,11,ti:k,0.290,1,0,198.065,91.494,63.268,5.308,239.669,94.861,56.516,i:,0.078,197.477,91.428,63.268,5.308,-1.943,239.669,94.861,61.395,-7.278,8.523,-31.937
mono_M-A_left_0065,M,1,d@s,0.221,0,1,216.058,92.960,91.025,7.328,264.274,96.568,59.373,@,0.050,225.031,93.722,53.700,3.950,-3.234,264.274,96.568,64.512,-1.409,13.599,-27.723
mono_M-A_left_0065,M,2,va:6,0.139,0,0,209.628,92.538,21.317,1.759,220.573,93.421,66.475,a:6,0.120,209.628,92.538,21.317,1.759,-0.585,220.573,93.421,67.050,1.814,19.573,-15.230
mono_M-A_left_0065,M,3,tsi:m,0.202,0,0,245.514,95.228,66.664,4.914,269.948,96.919,65.732,i:,0.045,256.656,96.039,21.576,1.441,-1.291,269.948,96.919,69.628,19.311,12.428,-41.063
mono_M-A_left_0065,M,4,lIC,0.131,0,0,262.094,95.858,263.651,14.557,463.639,106.282,63.256,I,0.026,213.236,92.820,26.090,2.122,--undefined--,226.078,93.847,61.362,12.238,7.467,-34.205
mono_M-A_left_0065,M,5,E,0.137,0,0,247.543,95.307,233.195,12.103,463.639,106.282,64.428,E,0.137,247.543,95.307,233.195,12.103,--undefined--,463.639,106.282,64.428,1.590,13.729,-20.378
mono_M-A_left_0065,M,6,ts@nt,0.322,0,0,275.999,97.277,71.057,4.412,315.866,99.638,60.278,@,0.084,284.762,97.838,35.571,2.089,-1.132,312.988,99.479,64.029,16.109,11.555,-28.803
mono_M-A_left_0065,M,7,@n,0.248,0,0,236.259,94.567,77.084,5.379,288.232,98.055,58.694,@,0.058,259.869,96.209,61.145,4.099,-3.358,288.232,98.055,57.757,19.355,5.887,-19.937
mono_M-A_left_0065,M,8,IC,0.135,0,0,223.276,93.572,63.401,5.210,244.069,95.176,55.088,I,0.060,230.651,94.180,28.420,2.153,-0.424,244.069,95.176,57.514,4.743,8.997,-35.450
mono_M-A_left_0065,M,9,vOl,0.205,0,0,231.589,94.257,40.326,2.838,266.712,96.710,68.584,O,0.110,229.967,94.143,7.350,0.553,-0.482,233.736,94.425,69.661,-3.908,16.659,-15.763
mono_M-A_left_0065,M,10,t@,0.330,1,0,224.158,93.681,47.014,3.515,255.766,95.984,63.751,@,0.290,224.730,93.725,44.554,3.314,--undefined--,255.766,95.984,64.142,-0.980,12.370,-20.286
mono_M-A_left_0072,M,1,a:,0.110,0,1,200.313,91.747,21.037,1.831,209.875,92.563,62.528,a:,0.110,200.313,91.747,21.037,1.831,--undefined--,209.875,92.563,62.528,-0.087,10.053,-11.887
mono_M-A_left_0072,M,2,b6,0.095,0,0,205.222,92.171,10.474,0.892,208.636,92.458,63.897,6,0.065,205.142,92.164,10.474,0.892,-0.230,208.636,92.458,64.945,-1.472,18.261,-20.700
mono_M-A_left_0072,M,3,dan,0.125,0,0,202.912,91.956,34.949,2.907,226.148,93.854,63.214,a,0.050,197.659,91.520,12.073,1.059,-0.811,203.461,92.023,64.251,-0.094,17.422,-20.738
mono_M-A_left_0072,M,4,ha:b,0.200,0,0,211.760,92.700,35.833,2.895,232.698,94.348,62.140,a:,0.100,213.343,92.830,30.062,2.411,-2.093,231.217,94.237,64.260,0.302,20.806,-9.472
mono_M-A_left_0072,M,5,ICs,0.120,0,0,214.170,92.875,47.258,3.832,238.077,94.745,57.929,@,0.030,224.129,93.689,20.468,1.558,-1.521,238.077,94.745,61.459,2.764,10.695,-33.802
mono_M-A_left_0072,M,6,dOx,0.180,0,0,247.121,95.377,27.559,1.927,261.358,96.359,62.467,O,0.090,245.317,95.253,23.599,1.663,--undefined--,257.399,96.094,65.066,-1.788,3.957,-20.824
mono_M-A_left_0072,M,7,pRo:,0.170,0,0,243.889,95.107,70.285,4.831,288.536,98.071,62.846,o:,0.050,243.889,95.107,70.285,4.831,-4.756,288.536,98.071,68.001,-3.236,11.361,-26.247
mono_M-A_left_0072,M,8,bi:6t,0.310,1,0,234.811,94.486,46.848,3.459,258.713,96.183,67.205,i:6,0.172,241.059,94.953,37.724,2.734,-1.849,258.713,96.183,69.117,-6.006,15.830,-21.309
mono_M-A_left_0097,M,1,aIn,0.170,0,1,203.921,92.022,57.562,4.681,242.027,95.030,64.741,aI,0.130,204.520,92.059,57.562,4.681,--undefined--,242.027,95.030,65.419,-0.036,8.757,-15.008
mono_M-A_left_0097,M,2,ma:l,0.139,0,0,195.860,91.333,45.395,4.290,206.829,92.308,62.614,a:,0.095,197.385,91.483,33.452,3.055,-2.278,206.829,92.308,63.205,0.922,15.641,-17.070
mono_M-A_left_0097,M,3,n,0.091,0,0,190.504,90.883,6.385,0.579,194.137,91.211,59.518,NA,NA,NA,NA,NA,NA,NA,NA,NA,NA,NA,NA,NA,
mono_M-A_left_0097,M,4,d6,0.076,0,0,187.632,90.619,12.367,1.146,193.084,91.117,62.400,6,0.046,186.946,90.557,7.530,0.707,-0.106,188.246,90.678,63.259,-1.046,13.634,-24.874
mono_M-A_left_0097,M,5,mIt,0.180,0,0,213.836,92.820,67.248,5.442,249.438,95.552,61.092,I,0.050,230.267,94.151,33.402,2.491,2.118,249.438,95.552,63.751,2.407,14.680,-29.377
mono_M-A_left_0097,M,6,l@,0.098,0,0,287.981,98.020,45.787,2.681,319.241,99.823,64.453,@,0.054,284.889,97.835,45.787,2.681,-1.735,319.241,99.823,66.546,-2.198,10.395,-23.931
mono_M-A_left_0097,M,7,R6n,0.126,0,0,281.885,97.657,38.104,2.303,305.189,99.043,65.023,6,0.041,274.400,97.201,10.899,0.687,-0.371,277.985,97.426,66.744,-2.864,17.825,-24.212
mono_M-A_left_0097,M,8,g@,0.090,0,0,267.483,96.757,21.258,1.383,276.859,97.356,64.717,@,0.060,267.068,96.730,15.640,1.028,0.372,271.241,97.001,65.685,0.708,14.987,-27.053
mono_M-A_left_0097,M,9,SIC,0.260,0,0,272.860,97.084,54.715,3.433,304.330,98.995,60.704,I,0.077,278.660,97.459,34.759,2.101,-1.645,304.330,98.995,65.339,2.285,14.947,-30.929
mono_M-A_left_0097,M,10,t@,0.220,1,0,265.217,96.594,56.594,3.618,300.080,98.751,63.663,@,0.139,263.336,96.477,55.363,3.546,--undefined--,298.849,98.678,65.851,4.185,16.401,-24.001
mono_M-A_left_0153,M,1,bIs,0.290,0,1,205.850,92.225,6.668,0.560,209.709,92.547,64.665,I,0.090,205.973,92.235,6.668,0.560,-0.200,209.709,92.547,68.900,-4.585,18.568,-27.715
mono_M-A_left_0153,M,2,tsU6,0.158,0,0,194.665,91.248,27.178,2.404,209.632,92.541,63.030,NA,NA,NA,NA,NA,NA,NA,NA,NA,NA,NA,NA,NA,
mono_M-A_left_0153,M,3,tsv9lf,0.322,0,0,190.770,90.896,24.426,2.175,206.879,92.312,65.967,9,0.098,186.605,90.525,8.501,0.785,--undefined--,191.672,90.990,70.281,-1.540,17.965,-20.613
mono_M-A_left_0153,M,4,Un,0.080,0,0,201.164,91.818,20.207,1.768,208.046,92.409,62.666,U,0.040,195.514,91.323,14.117,1.253,--undefined--,201.956,91.895,62.495,0.285,4.741,-22.028
mono_M-A_left_0153,M,5,t6,0.099,0,0,217.504,93.138,49.780,3.940,244.749,95.225,60.528,6,0.059,221.670,93.478,38.793,2.991,--undefined--,244.749,95.225,62.387,4.747,11.330,-24.651
mono_M-A_left_0153,M,6,RIC,0.141,0,0,215.277,92.995,19.065,1.531,225.448,93.801,61.739,I,0.070,216.529,93.095,16.813,1.343,1.196,225.448,93.801,64.081,-1.852,16.019,-27.368
mono_M-A_left_0153,M,7,tn,0.113,0,0,234.150,94.425,43.877,3.208,259.631,96.247,56.541,NA,NA,NA,NA,NA,NA,NA,NA,NA,NA,NA,NA,NA,
mono_M-A_left_0153,M,8,k9n,0.329,0,0,211.688,92.694,49.566,3.846,248.681,95.498,60.677,9,0.082,214.065,92.872,47.065,3.632,-3.363,248.681,95.498,63.670,1.161,18.872,-19.593
mono_M-A_left_0153,M,9,n,0.078,1,0,230.682,94.196,12.822,0.968,235.955,94.589,60.289,NA,NA,NA,NA,NA,NA,NA,NA,NA,NA,NA,NA,NA,
mono_M-A_left_0167,M,1,nu:6,0.219,0,1,234.692,94.486,38.946,2.922,250.812,95.646,68.066,u:6,0.145,234.724,94.493,28.796,2.148,--undefined--,246.846,95.370,69.525,-1.037,19.188,-16.172
mono_M-A_left_0167,M,2,aIn,0.185,0,0,221.301,93.378,93.757,8.144,249.840,95.578,66.903,aI,0.145,210.533,92.536,76.496,6.905,--undefined--,232.579,94.339,66.789,-0.777,10.703,-5.841
mono_M-A_left_0167,M,3,tsvaI,0.250,0,0,232.199,94.289,51.715,3.646,272.293,97.068,66.406,aI,0.110,229.846,94.125,47.973,3.399,-1.375,269.130,96.866,69.300,1.222,16.902,-20.200
mono_M-A_left_0167,M,4,SaI,0.230,0,0,219.607,93.321,41.238,3.156,247.895,95.449,64.679,aI,0.140,220.455,93.388,38.929,2.963,--undefined--,247.895,95.449,66.555,0.027,17.860,-14.240
mono_M-A_left_0167,M,5,n@,0.090,0,0,213.441,92.850,16.931,1.382,220.984,93.456,63.385,@,0.050,211.904,92.725,11.549,0.953,-0.796,215.601,93.027,63.896,0.772,13.057,-28.032
mono_M-A_left_0167,M,6,me:6,0.220,0,0,209.250,92.507,17.406,1.435,218.901,93.290,64.906,e:6,0.140,210.196,92.584,17.406,1.435,-0.829,218.901,93.290,66.224,-0.314,17.332,-17.799
mono_M-A_left_0167,M,7,o:,0.040,0,0,200.124,91.736,8.005,0.698,202.601,91.950,65.570,o:,0.040,200.124,91.736,8.005,0.698,-0.543,202.601,91.950,65.570,-0.340,15.825,-19.671
mono_M-A_left_0167,M,8,d6,0.160,0,0,196.057,91.379,18.508,1.664,201.550,91.859,63.753,6,0.130,197.268,91.488,6.756,0.589,0.189,201.550,91.859,64.269,-0.887,15.202,-25.640
mono_M-A_left_0167,M,9,zo:,0.286,1,0,217.525,93.155,55.125,4.253,252.755,95.780,61.151,o:,0.216,214.631,92.928,49.112,3.741,-3.300,252.755,95.780,62.046,1.381,16.950,-21.279
mono_M-A_left_0285,M,1,da:,0.077,0,1,255.414,95.959,6.586,0.445,259.767,96.253,60.735,a:,0.047,257.875,96.125,6.212,0.418,--undefined--,259.767,96.253,60.735,-3.564,7.622,-24.579
mono_M-A_left_0285,M,2,bIn,0.173,0,0,200.246,91.704,64.294,5.259,245.353,95.265,59.167,I,0.027,192.874,91.085,20.828,1.887,--undefined--,201.887,91.892,63.654,-0.910,7.609,-26.831
mono_M-A_left_0285,M,3,C,0.080,0,0,193.376,91.139,8.664,0.770,199.152,91.653,49.765,NA,NA,NA,NA,NA,NA,NA,NA,NA,NA,NA,NA,NA,
mono_M-A_left_0285,M,4,aUx,0.170,0,0,234.905,93.413,387.551,20.104,564.204,109.681,57.650,aU,0.120,238.199,93.591,387.551,20.104,--undefined--,564.204,109.681,58.839,8.248,12.710,-19.396
mono_M-A_left_0285,M,5,ma:,0.133,0,0,193.922,91.092,85.049,7.400,243.586,95.235,58.357,a:,0.062,179.250,89.809,41.693,3.912,-0.133,200.230,91.746,60.191,-1.741,12.326,-22.960
mono_M-A_left_0285,M,6,ze:6,0.127,0,0,188.211,90.659,20.309,1.895,195.894,91.367,58.361,e:6,0.058,188.211,90.659,20.309,1.895,--undefined--,195.894,91.367,61.490,0.427,7.018,-20.853
mono_M-A_left_0285,M,7,g@,0.110,0,0,204.496,92.109,9.670,0.821,208.819,92.474,56.535,@,0.033,204.496,92.109,9.670,0.821,--undefined--,208.819,92.474,61.141,3.066,7.681,-29.359
mono_M-A_left_0285,M,8,Spant,0.367,1,0,204.261,92.043,56.802,5.085,223.293,93.636,59.686,a,0.080,204.706,92.029,56.802,5.085,--undefined--,223.293,93.636,64.260,4.012,6.956,-16.478
mono_M-A_left_0355,M,1,IC,0.110,0,1,226.511,93.872,25.009,1.953,234.513,94.483,59.195,I,0.050,229.519,94.109,8.749,0.658,--undefined--,234.513,94.483,63.583,2.649,6.829,-35.537
mono_M-A_left_0355,M,2,fant,0.208,0,0,251.235,95.662,47.612,3.214,281.042,97.616,70.450,a,0.090,252.558,95.747,38.755,2.569,--undefined--,281.042,97.616,71.502,0.661,16.431,-14.846
mono_M-A_left_0355,M,3,Su:l,0.192,0,0,276.804,97.340,44.503,2.838,294.316,98.415,71.478,u:,0.070,283.064,97.737,16.536,1.001,--undefined--,294.316,98.415,73.063,14.303,13.813,-23.437
mono_M-A_left_0355,M,4,SpO6t,0.244,0,0,225.587,93.792,46.423,3.545,250.639,95.634,69.326,O6,0.061,224.635,93.737,5.606,0.431,--undefined--,228.215,94.011,73.646,-5.423,15.565,-17.411
mono_M-A_left_0355,M,5,I,0.069,0,0,212.421,92.764,28.284,2.218,234.368,94.463,67.094,I,0.069,212.421,92.764,28.284,2.218,1.003,234.368,94.463,67.094,-6.967,12.914,-18.280
mono_M-A_left_0355,M,6,m6,0.116,0,0,236.994,94.664,8.111,0.593,240.656,94.930,67.733,6,0.072,236.628,94.638,5.415,0.396,-0.156,239.478,94.845,68.104,5.011,16.667,-20.164
mono_M-A_left_0355,M,7,n,0.070,0,0,230.890,94.206,24.738,1.909,236.898,94.657,68.371,NA,NA,NA,NA,NA,NA,NA,NA,NA,NA,NA,NA,NA,
mono_M-A_left_0355,M,8,bIs,0.167,0,0,222.301,93.510,54.794,4.384,244.936,95.236,64.243,I,0.070,228.853,94.038,34.410,2.621,2.579,244.936,95.236,67.410,1.595,14.337,-32.219
mono_M-A_left_0355,M,9,C@n,0.303,0,0,222.681,93.530,98.840,7.127,292.804,98.326,64.782,@,0.090,235.125,94.470,76.295,5.226,-4.744,292.804,98.326,68.333,-1.422,16.366,-24.109
mono_M-A_left_0355,M,10,do:f,0.320,1,0,231.700,94.223,63.088,4.642,268.248,96.809,66.354,o:,0.180,229.489,94.060,56.162,4.067,-0.575,268.248,96.809,68.291,-8.875,18.688,-39.024
mono_M-A_left_0489,M,1,a:,0.160,0,1,195.225,91.293,34.806,3.138,210.748,92.646,64.029,a:,0.160,195.225,91.293,34.806,3.138,--undefined--,210.748,92.646,64.029,--undefined--,12.451,-10.282
mono_M-A_left_0489,M,2,b6,0.160,0,0,202.803,91.962,17.365,1.473,212.937,92.811,65.124,6,0.114,205.420,92.186,14.850,1.252,1.075,212.937,92.811,65.831,-0.913,19.777,-23.411
mono_M-A_left_0489,M,3,s,0.088,0,0,211.266,92.674,6.353,0.520,214.800,92.963,54.581,NA,NA,NA,NA,NA,NA,NA,NA,NA,NA,NA,NA,NA,
mono_M-A_left_0489,M,4,maxt,0.192,0,0,224.936,93.738,59.345,4.282,270.799,96.973,63.083,a,0.074,218.485,93.253,13.807,1.095,0.501,225.262,93.786,64.639,2.780,20.148,-12.469
mono_M-A_left_0489,M,5,aIn,0.154,0,0,257.233,94.913,336.168,17.035,536.863,108.821,63.225,aI,0.120,304.602,97.217,336.168,17.035,--undefined--,536.863,108.821,63.181,--undefined--,11.924,-14.933
mono_M-A_left_0489,M,6,fax,0.136,0,0,218.640,93.236,37.514,2.983,237.018,94.666,55.114,a,0.040,226.848,93.891,30.387,2.375,-1.395,237.018,94.666,58.241,12.978,10.761,-31.540
mono_M-A_left_0489,M,7,kaI,0.180,0,0,212.625,92.744,53.347,4.224,246.572,95.354,60.632,aI,0.100,212.625,92.744,53.347,4.224,--undefined--,246.572,95.354,63.141,3.766,16.664,-20.866
mono_M-A_left_0489,M,8,n,0.090,0,0,204.821,92.136,14.530,1.217,214.036,92.901,60.591,NA,NA,NA,NA,NA,NA,NA,NA,NA,NA,NA,NA,NA,
mono_M-A_left_0489,M,9,Spa:s,0.510,1,0,213.414,92.841,31.154,2.595,224.959,93.776,61.310,a:,0.210,213.078,92.805,31.154,2.595,--undefined--,224.959,93.776,64.530,--undefined--,10.217,-13.965
mono_M-A_left_0613,M,1,C,0.076,0,1,270.787,96.972,0.784,0.050,271.468,97.015,53.201,NA,NA,NA,NA,NA,NA,NA,NA,NA,NA,NA,NA,NA,
mono_M-A_left_0613,M,2,maIn,0.148,0,0,211.835,92.675,74.696,5.455,276.648,97.350,62.778,aI,0.067,203.698,92.042,10.137,0.848,-0.539,212.089,92.743,63.691,0.039,18.679,-14.585
mono_M-A_left_0613,M,3,kla:6,0.170,0,0,209.765,92.521,50.497,4.041,242.758,95.084,69.266,a:6,0.114,208.523,92.427,45.509,3.597,-3.549,242.758,95.084,70.899,-0.123,23.381,-9.930
mono_M-A_left_0613,M,4,ds,0.116,0,0,209.827,92.555,15.010,1.256,214.476,92.936,64.177,NA,NA,NA,NA,NA,NA,NA,NA,NA,NA,NA,NA,NA,
mono_M-A_left_0613,M,5,gi:pts,0.244,0,0,213.872,92.844,60.383,4.576,262.056,96.447,57.367,i:,0.070,219.438,93.278,56.090,4.212,--undefined--,262.056,96.447,61.643,4.227,10.436,-31.878
mono_M-A_left_0613,M,6,I,0.089,0,0,228.634,94.038,15.687,1.211,232.230,94.313,61.756,I,0.089,228.634,94.038,15.687,1.211,--undefined--,232.230,94.313,61.756,-1.008,5.965,-23.990
mono_M-A_left_0613,M,7,m6,0.096,0,0,228.086,93.997,16.230,1.249,233.212,94.386,67.199,6,0.064,225.689,93.815,15.286,1.179,-1.042,232.269,94.316,67.688,-0.529,18.918,-19.197
mono_M-A_left_0613,M,8,baIm,0.200,0,0,207.205,92.336,16.960,1.409,216.983,93.137,64.420,aI,0.080,207.913,92.395,14.125,1.178,-0.684,214.745,92.958,66.709,0.539,16.240,-21.776
mono_M-A_left_0613,M,9,SpO6t,0.420,1,0,212.671,92.750,60.431,4.710,254.737,95.936,58.782,O6,0.150,222.012,93.486,56.502,4.363,--undefined--,254.737,95.936,62.593,--undefined--,10.001,-18.218
mono_M-A_left_0633,M,1,das,0.220,0,1,207.013,92.280,70.266,5.569,255.466,95.964,59.993,a,0.090,201.278,91.828,24.491,2.086,1.212,215.734,93.037,62.605,-1.138,18.667,-30.001
mono_M-A_left_0633,M,2,Ist,0.110,0,0,208.039,92.398,20.784,1.713,220.628,93.426,53.151,I,0.051,209.091,92.486,20.784,1.713,-1.045,220.628,93.426,55.250,17.635,6.622,-35.633
mono_M-A_left_0633,M,3,aUs,0.250,0,0,208.980,92.299,147.134,10.978,313.332,99.499,65.093,aU,0.190,210.406,92.401,147.134,10.978,--undefined--,313.332,99.499,66.146,-0.739,7.009,-15.786
mono_M-A_left_0633,M,4,zICts,0.179,0,0,209.601,92.530,16.795,1.388,218.032,93.221,50.068,I,0.030,212.068,92.734,16.510,1.363,--undefined--,218.032,93.221,53.726,15.969,6.013,-34.817
mono_M-A_left_0633,M,5,lo:s,0.171,0,0,213.192,92.797,54.054,4.164,252.814,95.783,61.318,o:,0.080,208.760,92.451,38.335,3.052,-0.465,237.095,94.672,63.832,-2.197,19.416,-25.860
mono_M-A_left_0633,M,6,je:,0.078,0,0,220.543,93.360,55.672,4.213,258.218,96.158,60.884,e:,0.048,218.599,93.214,55.672,4.213,-4.030,258.218,96.158,62.545,3.299,10.879,-31.731
mono_M-A_left_0633,M,7,man,0.093,0,0,201.177,91.827,5.603,0.484,203.121,91.994,63.118,a,0.025,200.095,91.734,4.545,0.393,0.341,202.464,91.938,62.950,1.615,15.219,-23.547
mono_M-A_left_0633,M,8,dn,0.039,0,0,203.752,92.040,21.094,1.806,213.323,92.852,60.837,NA,NA,NA,NA,NA,NA,NA,NA,NA,NA,NA,NA,NA,
mono_M-A_left_0633,M,9,tsu:,0.120,0,0,193.761,91.176,7.159,0.634,198.700,91.613,47.059,NA,NA,NA,NA,NA,NA,NA,NA,NA,NA,NA,NA,NA,
mono_M-A_left_0633,M,10,fIn,0.254,0,0,251.120,95.484,118.147,8.320,309.637,99.300,59.378,I,0.069,219.199,93.261,71.961,5.536,-5.234,263.451,96.516,63.523,-0.898,20.640,-23.209
mono_M-A_left_0633,M,11,n,0.085,1,0,216.322,93.065,54.554,4.042,261.519,96.361,60.389,NA,NA,NA,NA,NA,NA,NA,NA,NA,NA,NA,NA,NA,
mono_M-A_left_0769,M,1,a:m,0.330,0,1,209.116,92.459,110.880,8.858,276.489,97.321,69.969,a:,0.180,216.451,93.078,67.230,4.811,-2.694,276.489,97.321,71.963,1.314,19.871,-12.737
mono_M-A_left_0769,M,2,ja:,0.253,0,0,205.770,92.205,48.819,4.445,215.644,93.030,71.332,a:,0.173,206.282,92.259,15.331,1.280,-0.483,215.194,92.994,72.500,-0.098,19.296,-13.830
mono_M-A_left_0769,M,3,y:,0.045,0,0,208.835,92.472,16.063,1.370,211.955,92.731,69.724,y:,0.045,208.835,92.472,16.063,1.370,-0.779,211.955,92.731,69.724,-4.822,17.518,-24.602
mono_M-A_left_0769,M,4,b6,0.282,0,0,199.061,91.630,49.494,4.137,232.773,94.355,66.970,6,0.215,200.435,91.754,42.470,3.489,-2.455,232.773,94.355,67.939,2.918,15.769,-19.656
mono_M-A_left_0769,M,5,zo:n,0.170,0,0,197.964,91.532,39.350,3.321,225.442,93.799,60.713,o:,0.040,205.210,92.155,28.835,2.371,-1.840,225.294,93.788,63.703,1.138,12.114,-24.959
mono_M-A_left_0769,M,6,RaI,0.200,0,0,203.257,91.986,40.997,3.599,218.409,93.251,68.347,aI,0.160,205.115,92.152,23.038,1.930,--undefined--,218.409,93.251,69.287,0.070,19.000,-15.183
mono_M-A_left_0769,M,7,z@,0.110,0,0,211.052,92.654,12.118,1.000,215.876,93.049,68.303,@,0.060,214.093,92.905,6.161,0.504,-0.029,215.876,93.049,69.760,-2.307,17.072,-32.588
mono_M-A_left_0769,M,8,di:nst,0.510,1,0,215.330,92.979,58.335,4.714,244.874,95.234,61.249,i:,0.127,218.570,93.257,29.557,2.231,-2.034,244.874,95.234,64.982,1.979,16.923,-32.352
mono_M-A_left_1187,M,1,i:,0.107,0,1,222.158,93.511,58.634,4.447,258.416,96.163,69.071,i:,0.107,222.158,93.511,58.634,4.447,--undefined--,258.416,96.163,69.071,11.307,7.850,-28.085
mono_M-A_left_1187,M,2,R@,0.105,0,0,229.895,94.121,42.256,3.344,240.735,94.936,72.616,@,0.080,231.358,94.228,42.256,3.344,-1.684,240.735,94.936,72.644,0.985,16.517,-30.464
mono_M-A_left_1187,M,3,Sy:,0.168,0,0,253.830,95.802,73.903,5.565,268.852,96.849,70.106,y:,0.080,258.662,96.172,38.094,2.648,--undefined--,268.852,96.849,73.207,17.539,14.626,-30.619
mono_M-A_left_1187,M,4,l6,0.100,0,0,245.791,95.289,27.432,1.952,256.838,96.057,74.512,6,0.064,244.215,95.180,20.170,1.416,-1.088,256.838,96.057,74.793,4.073,17.778,-18.911
mono_M-A_left_1187,M,5,ha,0.080,0,0,228.407,94.006,35.645,2.792,239.303,94.832,70.243,a,0.050,224.852,93.728,35.645,2.792,-2.451,239.303,94.832,70.186,4.624,15.382,-18.272
mono_M-A_left_1187,M,6,bm,0.079,0,0,215.492,93.016,13.907,1.144,217.435,93.173,65.224,NA,NA,NA,NA,NA,NA,NA,NA,NA,NA,NA,NA,NA,
mono_M-A_left_1187,M,7,gants,0.169,0,0,216.869,93.118,30.897,2.476,231.874,94.286,66.793,a,0.058,214.987,92.975,12.551,1.006,0.743,222.311,93.558,69.683,1.832,18.555,-17.853
mono_M-A_left_1187,M,8,Oft,0.205,0,0,197.961,91.466,56.737,5.213,218.211,93.235,66.581,O,0.102,197.166,91.392,56.737,5.213,5.031,218.211,93.235,69.547,-3.238,15.353,-22.391
mono_M-A_left_1187,M,9,ti:,0.111,0,0,266.373,96.681,33.752,2.194,283.575,97.772,75.192,i:,0.079,266.861,96.715,21.972,1.397,-1.183,283.575,97.772,76.438,17.979,18.151,-28.664
mono_M-A_left_1187,M,10,S96ts,0.276,1,0,234.460,94.422,88.131,6.196,292.851,98.328,68.368,9,0.087,236.003,94.538,87.820,6.172,-3.251,292.851,98.328,71.948,-2.096,18.207,-22.840
mono_M-A_left_1240,M,1,di:,0.343,0,1,213.086,92.785,92.571,7.324,268.204,96.806,64.312,i:,0.264,212.837,92.766,92.571,7.324,--undefined--,268.204,96.806,65.020,-2.281,14.829,-22.796
mono_M-A_left_1240,M,2,In,0.127,0,0,199.550,91.679,33.105,2.948,211.803,92.724,60.696,I,0.057,195.231,91.295,22.887,2.086,--undefined--,201.586,91.863,61.914,-2.925,8.068,-20.444
mono_M-A_left_1240,M,3,@m,0.090,0,0,190.827,90.906,23.996,2.200,201.069,91.819,62.533,@,0.060,193.624,91.162,12.594,1.120,-0.925,201.069,91.819,63.425,-2.958,15.147,-17.256
mono_M-A_left_1240,M,4,al,0.180,0,0,209.304,92.471,51.713,4.267,236.742,94.646,66.816,a,0.150,202.141,91.884,35.466,3.036,--undefined--,220.496,93.415,66.380,0.462,9.053,-10.954
mono_M-A_left_1240,M,5,tm,0.120,0,0,266.806,96.703,46.305,3.094,283.048,97.740,66.096,NA,NA,NA,NA,NA,NA,NA,NA,NA,NA,NA,NA,NA,
mono_M-A_left_1240,M,6,haIm,0.220,0,0,264.426,96.552,27.033,1.766,278.688,97.470,68.971,aI,0.091,259.253,96.216,13.441,0.895,-0.585,266.808,96.716,68.510,10.204,17.932,-19.710
mono_M-A_left_1240,M,7,g@,0.080,0,0,255.118,95.935,21.043,1.426,265.437,96.627,67.763,@,0.050,253.939,95.857,20.807,1.413,-0.924,265.437,96.627,68.695,-1.841,14.311,-27.804
mono_M-A_left_1240,M,8,vo:nt,0.260,0,0,255.944,95.972,41.622,2.818,277.124,97.373,67.449,o:,0.120,252.324,95.745,21.819,1.494,1.330,263.883,96.525,68.298,-8.908,15.611,-21.927
mono_M-A_left_1240,M,9,ham,0.230,1,0,252.725,95.752,54.046,3.587,288.790,98.087,66.519,a,0.110,254.748,95.876,52.469,3.471,-1.367,288.790,98.087,67.197,4.618,18.030,-14.160
